19.527000
8.826889
12.241125
17.490250
14.189625
13.324375
14.747500
11.557000
11.012125
12.378444
11.970250
12.283375
14.230875
16.385250
11.825500
15.030125
11.020375
10.612250
17.216250
9.921125
16.990875
16.756250
13.601875
18.727625
17.342111
16.406875
9.306444
12.381250
16.059625
17.629625
16.017625
10.321875
11.168875
14.514556
11.564625
14.751250
8.834250
14.942625
10.194375
16.711250
15.598125
10.472000
11.033125
18.050889
15.640500
16.828125
11.826375
15.728250
10.447000
9.112875
11.453500
11.134875
11.360444
15.074250
64.061250
12.658875
11.271750
9.389000
12.189111
12.763500
10.720125
13.469125
16.853000
17.610625
10.608250
12.801125
15.893500
13.696000
10.892875
13.737500
13.879750
11.033750
13.946125
11.348333
13.315250
9.799000
30.681125
11.426625
12.361375
10.594875
14.410125
10.874750
12.338500
17.953750
8.722000
11.654000
13.301375
11.675222
9.814625
11.287125
9.110375
17.392500
11.132500
15.752000
10.740125
13.933875
13.294125
10.737500
9.112125
13.124375
11.032750
16.420000
8.870000
16.377000
13.596250
13.771375
12.711875
9.179889
10.509444
12.892500
14.515375
9.542667
11.640375
10.050125
15.984875
9.083000
14.427222
11.974750
10.499750
11.273778
11.032250
12.924750
20.896375
11.965000
11.232000
14.116500
10.759250
17.479125
9.782750
15.477375
15.473000
11.698875
12.287625
16.332125
15.161875
8.995000
8.723625
13.853375
11.033500
13.848875
15.834125
16.159250
10.609625
11.427000
15.777222
14.754250
14.248000
20.142750
8.858500
11.884625
12.112750
14.442125
10.875375
12.500000
14.791875
16.949250
9.406125
12.634250
13.129625
9.920778
13.945750
13.444875
17.916375
11.147875
11.017000
13.712125
12.652875
16.574750
10.156000
16.606875
13.709125
12.721750
14.890250
16.277375
9.265625
8.853750
8.857250
11.157125
12.312556
11.032875
13.047625
16.016375
16.296875
10.999250
17.493000
18.739250
10.733375
9.651625
15.305125
14.919125
18.897750
15.676500
16.157625
11.011750
17.291375
8.975500
11.034625
9.918875
13.345444
17.770875
14.783375
14.808111
9.001625
9.538750
16.854889
15.175125
12.727750
12.697500
13.851375
9.064778
12.110625
9.543375
13.930000
15.766125
12.915375
11.242375
11.293000
21.968250
18.440750
10.337000
15.267625
11.559125
14.547875
15.154750
9.400750
13.039375
14.753000
16.111500
11.156125
12.517667
11.308000
17.088250
12.642875
14.009000
9.398125
10.624000
9.305111
17.426000
14.654875
15.431500
9.421889
13.296250
13.985000
10.218250
18.982250
15.742875
13.447500
15.053500
8.961000
14.376250
9.262250
9.941250
12.652444
15.762444
12.089250
16.499250
16.007500
17.092875
15.609875
14.563750
9.001250
11.807444
10.760750
14.399125
12.648250
15.824375
16.515625
16.296625
16.666750
9.393250
15.132667
11.033750
10.881625
15.900250
14.778500
16.558625
18.393000
12.114875
28.373222
15.713750
17.861125
16.378250
9.249000
9.534000
11.610125
10.604250
10.622000
8.720500
15.915500
14.351750
11.551250
14.894375
16.821000
13.298375
10.219875
11.285750
15.360000
14.005125
15.453500
10.480000
10.604500
191.268000
14.526750
10.067250
13.808000
19.260000
9.244750
9.647250
19.103875
10.516222
13.285125
15.594375
11.965250
15.992250
13.047375
13.400375
12.967375
15.743875
14.534125
11.768125
12.224125
14.415875
13.442000
13.473000
14.401500
24.797375
9.537000
13.957875
12.495375
15.775500
17.118000
10.050875
11.265750
15.851625
14.457750
9.614875
14.358000
10.747125
13.330750
10.785125
17.234750
16.383000
8.737500
11.556875
10.589375
9.131250
11.718750
12.754125
12.921250
11.120000
13.054500
8.833500
12.105625
11.309125
18.553625
15.949111
15.679125
13.463625
13.316000
12.933222
15.190556
16.184000
16.858875
10.290500
13.845000
12.080375
13.022375
12.964875
10.203250
8.731125
12.649750
17.351000
12.486750
11.801000
12.523250
10.895625
15.460750
8.731000
15.595250
14.292500
15.213500
15.111750
14.116500
15.747375
14.852250
9.387125
15.753875
15.705625
11.552625
10.603375
11.310500
11.962750
15.994750
10.388444
12.765375
12.642000
10.013000
14.387375
14.260000
13.453250
11.522375
13.874000
12.071333
13.996625
15.764750
15.399375
12.089625
18.988375
15.756375
14.367000
15.482875
13.984750
14.232556
9.398375
11.789375
10.608250
12.090000
12.671625
10.891875
14.542875
12.755625
17.422125
13.320875
10.862625
15.576000
9.237250
14.263250
12.241500
18.295375
18.121875
12.488500
9.135875
10.385222
11.176500
12.147250
14.251125
12.746625
15.060000
13.317750
13.975625
10.602250
13.688125
9.955625
11.416750
13.315875
10.393889
9.267500
10.344000
14.230375
15.762250
9.676375
11.147375
9.117000
13.316000
13.400375
11.826625
11.828111
17.093750
16.274500
11.283375
11.554875
15.884500
12.857375
9.251125
14.344125
13.598500
16.027250
10.457625
14.239889
11.018750
10.327875
18.934625
17.389625
15.773750
14.106250
8.998375
18.952625
15.707500
19.796875
10.465500
15.482000
14.685444
16.173375
10.206875
16.547500
15.087556
13.736375
10.430125
14.772250
11.706125
11.407750
14.666750
79.032714
8.842500
9.519625
11.225111
13.260500
9.923625
8.998625
9.719500
9.351875
11.521500
13.139625
9.185556
9.948750
29.047750
14.241889
17.255000
13.723000
16.163625
14.467875
8.719778
13.334875
13.668625
15.894750
9.890750
14.940000
13.538375
10.217750
11.284875
14.778500
14.548375
9.269625
13.737375
14.105125
13.779875
15.868875
15.664625
10.709250
15.210750
14.256500
12.587625
15.399111
10.698250
11.703625
13.733375
9.812000
11.700500
13.433750
9.513625
13.834250
10.872444
25.737625
11.545375
10.213875
9.377625
10.746750
13.838500
13.162500
11.970500
14.413750
9.188000
11.950750
10.865375
16.163000
15.209625
15.067625
13.869500
14.663375
13.981750
13.879500
11.702625
9.440333
11.283750
10.480125
16.560250
10.758125
16.143375
10.876750
13.186375
13.464333
10.905875
361.600167
9.799750
9.895000
8.943222
16.001250
12.638750
15.172500
16.241625
10.619875
11.833375
14.075875
13.845250
12.226750
13.835750
12.898750
15.338875
9.905667
13.678875
13.315625
13.575500
9.271125
10.740000
15.099125
13.233375
13.809000
12.369250
11.987500
12.364125
9.782125
21.417250
12.910750
14.561000
13.270125
10.595625
15.968500
14.191625
12.883125
11.433500
10.740375
13.031375
13.049750
13.855750
11.955000
17.765750
18.968500
9.392125
10.618750
10.603750
12.550125
13.586250
10.623000
13.316125
11.450375
17.163333
12.255625
17.105250
16.896000
14.276375
30.817500
11.421750
13.570250
13.939000
13.698750
15.204250
12.099250
11.954778
13.042333
8.974875
31.405000
16.017625
15.976750
15.838875
16.319000
11.302125
9.507625
14.217375
8.723250
15.458500
13.537750
11.704750
12.868500
13.957500
10.322125
8.704778
13.199000
11.151375
11.856625
12.625250
11.044250
16.559625
12.607000
11.281625
18.989125
15.225125
15.812125
14.590000
11.569250
14.819222
10.142333
11.980000
12.221250
16.243625
15.151111
12.206375
9.533000
9.681250
13.331875
14.151125
14.971750
13.718875
16.571375
11.038125
13.159500
12.100875
12.780750
12.752125
10.333000
19.371875
12.493250
16.505125
13.139250
12.481875
11.839667
18.377250
10.604500
11.811000
12.475625
11.843000
15.199000
12.352750
17.005750
14.797875
9.399250
12.239375
19.411000
10.461500
16.277000
13.159375
13.993875
14.317250
13.331000
11.589778
12.513625
11.960625
12.669500
10.998333
15.977375
14.587875
12.527625
11.143750
21.781500
10.872667
16.572125
15.874000
14.533375
15.672375
14.156000
14.933625
9.542000
18.685750
16.662625
17.648875
11.144000
11.662750
10.879111
10.612750
16.532625
18.509625
9.111625
16.918625
13.559000
12.617111
13.178625
16.113875
13.138625
18.627556
11.819250
12.453500
13.304125
9.517500
12.240000
11.172875
13.576500
15.000375
14.900750
14.534500
8.950625
8.864250
14.092750
9.905889
14.283125
13.852375
8.731625
16.033000
8.981500
14.516625
28.813375
13.041750
11.705750
15.470000
15.850500
9.808000
14.402125
11.287125
15.947375
14.708500
9.245625
11.703250
11.441500
13.673500
13.184000
16.929750
13.859000
10.759750
13.182000
12.577250
16.261625
13.476375
15.897250
15.200500
14.151750
14.039375
13.042125
11.817250
14.391125
10.591875
9.248375
13.735250
9.795375
9.674889
15.624250
13.147500
16.938625
18.508000
11.417500
12.925625
8.823778
10.628750
11.442250
13.886000
11.721625
11.909750
8.995875
9.065222
15.035375
10.739750
14.236750
9.258875
13.959000
9.129125
8.976625
9.925250
11.364625
10.090875
11.043875
16.259625
10.736500
13.717250
10.322125
11.000750
15.252000
8.999000
14.499250
10.743125
18.188500
14.939875
17.316125
13.833750
9.188556
14.257750
13.705250
13.054125
15.548375
16.150875
15.965625
15.508875
11.278000
11.827444
16.044125
8.946222
16.103750
14.541875
18.646000
11.363111
16.941875
12.213889
12.798750
13.183000
13.611375
14.866500
15.604500
13.600000
11.634250
9.422889
16.338250
11.572250
13.867250
11.831333
13.147000
11.698375
12.989125
12.523000
16.486500
11.012875
16.610250
10.874333
12.931125
8.854875
13.732250
13.628250
90.173143
15.776625
18.295000
12.439556
10.759875
12.734750
11.598500
11.006625
9.667625
17.110250
18.731250
15.205875
10.208500
12.790125
12.421875
15.658250
27.362250
9.666000
12.746625
14.212625
11.565375
8.841333
11.487375
19.779625
12.220750
10.053500
11.281750
12.888375
14.538250
10.759375
14.138250
11.354000
9.523000
13.317750
11.357444
10.905000
25.877750
12.752125
9.674250
10.596375
16.095125
14.361500
14.831125
10.360500
11.835250
12.002250
13.254222
11.814250
8.864375
9.779125
13.609667
12.994500
13.711625
13.030625
15.167625
14.025500
12.121125
12.567125
12.191444
10.751875
18.143125
19.241000
15.216000
14.458000
11.811375
10.759875
13.599000
10.058250
16.370375
12.493500
10.877625
16.235875
13.487875
10.071625
13.797375
16.030000
10.607625
13.596875
14.190250
9.125500
11.559500
15.961250
10.603500
9.650875
11.474333
16.298625
13.852375
11.421250
12.776125
9.389250
16.403875
12.368250
30.473875
10.618500
10.883250
14.372750
14.672625
14.254875
15.467000
10.578375
11.543750
10.740750
10.596875
14.522125
14.569250
10.480000
9.219333
13.429750
10.603000
13.037125
10.469000
13.103000
14.086500
11.824750
11.283250
18.567125
13.188625
14.122375
12.105750
11.954111
12.891500
14.056250
15.710111
18.136625
11.845875
13.041125
11.959625
14.483750
9.128750
13.101750
13.270875
10.951125
16.027875
19.187500
12.465222
13.724375
12.288111
15.865875
14.531500
16.412375
16.418875
18.803125
9.512375
9.128875
15.961375
10.510000
15.465500
14.666750
13.582250
11.577625
13.152375
15.624125
14.796000
26.426500
9.532500
10.139556
12.598750
14.517750
15.457500
10.383222
25.058500
12.910750
10.759625
14.108000
15.746000
15.552500
11.843875
11.542000
8.995375
9.744375
9.248125
13.854125
8.839875
14.844500
13.242625
10.428625
13.307500
11.899125
14.792750
9.136500
11.177444
13.669125
13.440750
8.864125
15.603000
13.619889
9.534750
14.496625
12.646625
12.112750
15.199125
11.647750
11.742000
13.929000
13.547125
14.010111
14.926625
16.242250
10.651375
15.452500
10.765375
12.896875
11.572875
10.388222
14.929875
16.300375
9.525875
16.404125
15.870875
15.753500
8.995000
9.241250
10.199375
12.305125
15.307250
10.184500
11.173000
10.085125
13.711000
11.703000
11.412125
10.731625
15.974625
15.704250
13.187875
13.880750
8.945333
11.152375
15.877500
12.907875
10.337750
13.637667
12.818125
13.303125
14.529500
18.680125
15.543556
11.013500
13.979500
15.481750
11.835500
14.453625
9.669111
16.435875
9.127125
13.543375
9.264625
26.013000
12.817125
18.189875
11.832889
13.466375
11.480556
16.681250
9.009125
15.895750
15.666222
13.840500
16.294375
10.876875
16.039875
11.035000
12.486750
15.929375
11.142125
11.926875
12.557250
11.298750
8.727375
17.018875
13.470000
13.602500
11.829556
12.225875
14.908000
14.880375
10.755500
11.017000
12.100875
13.064750
11.676000
11.815750
9.379375
16.332250
13.184222
13.213111
19.072875
11.169000
13.910125
16.496750
11.542000
11.837625
11.825125
13.322125
16.339375
9.265375
9.547222
12.058125
11.702250
14.384000
14.521250
16.213375
13.580375
14.858000
13.991889
13.439625
11.571750
15.413250
12.872875
12.383625
11.021375
13.280125
12.925750
11.137500
11.515875
16.364125
16.380750
10.337375
12.918875
13.271375
10.609375
9.517750
19.084125
11.548375
12.124250
14.119250
9.816125
15.830875
15.875875
14.409625
15.928375
11.701000
19.547125
19.254500
11.791125
26.013750
13.694625
13.587125
13.837750
15.661250
14.257375
11.641875
11.955000
12.117125
12.921500
10.762000
14.936125
13.304750
13.221875
13.036500
12.717375
14.712778
17.067875
13.858250
10.739875
11.150250
9.949625
15.977875
11.698250
14.761875
11.767125
10.629500
13.376875
11.143625
11.021500
14.047250
13.311375
13.995500
11.033250
11.682625
26.819125
13.319250
15.072625
14.239875
12.634889
14.025000
13.411375
11.952250
18.975750
11.956750
8.850125
13.998750
13.608875
13.184500
10.328125
16.456625
10.896500
10.054750
10.326500
14.266125
11.164125
12.773500
9.783500
10.759750
17.437250
16.658250
10.491125
13.113250
14.088375
14.379125
12.916625
14.624000
13.323500
14.370500
12.315333
14.709556
10.362250
14.915375
12.698250
15.719125
12.628500
9.674000
11.559875
10.190750
16.666125
12.898250
10.746111
9.421889
8.859500
13.581625
14.483500
16.153000
16.686500
13.569375
10.260333
13.366375
18.131250
13.753000
11.950375
24.797875
13.174500
14.942875
13.166125
18.700875
11.757125
12.791000
13.050750
12.749625
16.835875
16.276750
16.412625
16.470500
13.601875
12.948500
10.654625
9.264000
9.398000
8.977125
11.930875
13.722750
10.362125
16.829875
11.430875
18.964500
11.426000
14.002000
9.112250
11.540500
11.431125
15.017625
16.224444
13.034250
11.684375
12.083375
11.503250
10.750875
12.205125
11.271250
12.762750
15.881875
11.137625
15.932500
15.068750
14.329250
13.446375
13.455750
14.385125
18.050250
12.245625
16.157750
14.891125
15.178250
18.507500
11.147875
13.307375
15.334625
10.766125
12.069556
13.723750
12.775125
13.296125
12.730875
14.804000
17.609125
16.140375
16.162875
14.227125
13.744250
10.474375
16.003250
11.284375
11.008875
13.441125
10.958222
13.871000
13.847500
8.721625
10.194125
14.405000
11.567125
13.375250
12.216000
11.063778
10.321250
13.987000
10.480125
14.530250
11.307625
11.002000
12.072222
17.898375
16.318000
13.315875
15.972625
12.790625
10.507667
19.364000
11.540375
13.250500
13.185500
11.690000
14.875125
13.582625
16.116750
16.219500
15.984375
13.036625
10.461000
11.155500
10.209375
13.297250
10.701875
15.783500
14.195625
14.894889
15.875000
11.013125
14.059250
13.314125
9.124875
13.475375
14.055750
16.717125
10.769750
9.030625
12.801000
17.374875
12.235375
13.315000
12.371750
9.828750
14.662375
10.569375
13.304000
12.846875
10.381778
16.427875
13.304625
14.939625
13.277556
10.751556
12.917375
16.456250
10.058125
13.426000
14.371625
14.193778
21.012750
11.435750
14.400375
15.837222
13.637333
9.549875
10.761375
13.845500
9.247500
10.198125
8.967750
10.912375
16.200750
17.420750
16.215625
10.023000
15.630500
11.969125
13.872250
10.592125
10.338750
14.113500
11.309625
10.341500
10.860625
11.033125
16.533000
9.268750
10.077125
11.296250
11.303625
11.978625
13.722000
10.872875
13.795875
13.187000
13.701875
14.523500
11.576000
9.399500
14.112000
14.361500
10.474375
14.690125
13.004000
23.984875
83.263250
17.475500
12.921111
11.713111
12.090125
12.497750
12.514000
15.742625
11.548500
13.275333
16.967250
15.214000
16.845500
14.105250
14.109625
9.391375
16.140375
13.554875
12.496250
13.206250
12.488125
13.323625
15.760500
11.597250
14.789750
12.800444
12.736250
10.237875
11.818000
12.192444
9.785000
13.918625
11.757500
16.506889
13.978625
13.303750
11.412125
9.381750
11.177000
12.513250
17.440750
14.266375
15.288333
11.949375
12.149125
18.618250
11.545444
14.395500
11.576500
13.989875
16.032625
12.487500
14.465750
13.051500
8.728250
12.862875
18.538500
10.212750
11.842875
17.518750
14.275625
15.882500
17.100625
11.478000
14.217000
12.434500
9.398500
12.777625
17.657125
10.894625
15.335375
11.955875
8.719250
9.796250
9.954500
12.099875
16.164375
16.834125
11.342778
14.587750
11.148375
11.966000
11.948125
17.365250
9.925625
10.066250
14.932625
8.862250
11.561500
10.759625
18.279250
12.220000
11.442875
