11.651684
19.496833
17.790487
19.021256
13.331987
20.148154
19.192756
19.006282
17.923731
19.303372
19.568641
88.513649
18.436462
11.817519
50.567079
20.202038
11.820494
19.147397
19.348782
18.530141
19.343718
12.335392
17.960885
11.895823
18.966269
19.440077
19.357038
13.147367
12.827709
12.850329
12.930886
19.038638
18.788000
19.312744
17.959615
17.690744
13.994808
18.073064
19.101769
19.168641
18.360872
19.405128
19.071679
18.886641
10.070507
21.289014
16.647038
19.100192
16.926744
19.168731
64.813027
13.693218
19.412577
18.997846
15.277628
12.207456
98.911945
19.739718
19.104038
19.148436
15.107013
18.989987
19.595000
13.529747
11.972468
19.564897
19.716808
12.075278
19.073346
19.647462
19.078718
16.981506
11.546532
17.881897
19.574141
16.377551
12.593987
18.616179
19.212590
11.912418
19.537923
12.534241
11.710747
19.725641
19.469308
16.189975
16.117859
11.704987
14.212506
12.691329
19.820000
19.163051
17.811667
19.542333
19.428013
107.685197
19.532756
11.692772
11.670734
19.114756
18.414987
17.341705
19.011474
19.108244
19.367577
18.503872
18.139615
19.144513
15.637744
19.273244
17.080064
19.532115
17.756923
19.324667
12.844063
19.387090
19.579013
19.141859
13.238975
19.675072
18.591218
19.366397
15.579013
18.777897
19.375641
11.726114
15.997282
19.066128
12.056418
15.972667
19.591051
19.772936
18.969103
16.051487
19.785833
16.750897
19.596038
19.068474
13.508026
18.563115
19.420756
19.516692
19.248603
19.446833
19.200833
11.937291
19.017000
17.872679
18.977179
19.267692
19.237167
18.338731
19.390974
19.441051
18.491628
12.383709
19.628513
19.517077
16.946228
11.537709
19.571872
17.289808
19.411038
19.752795
14.199165
18.620436
18.813130
11.750696
18.584949
16.894410
19.600870
19.622038
13.594013
19.385692
19.387731
19.128744
18.886410
17.685179
19.309872
19.184449
18.868885
12.258076
18.722090
19.120833
19.115128
19.339769
13.882304
16.512821
19.051756
19.080474
19.679372
12.005570
18.742282
18.907705
18.381846
19.127718
19.326949
