25.119462
27.235154
25.128692
24.920385
25.397308
26.569923
25.494000
25.393385
24.937154
27.440077
25.225923
25.031462
26.513692
25.542231
25.836308
25.226308
26.191083
25.644308
25.392615
23.738846
24.922692
26.073077
23.369538
24.853615
25.402000
25.986308
20.357600
25.222000
25.799538
26.009077
27.358308
25.508154
25.906923
27.021538
25.993077
25.877308
25.372769
103.126583
25.140692
23.902615
27.450615
22.781462
25.039615
26.997667
25.120231
25.547538
25.350538
25.310846
25.699769
24.358000
25.291308
25.284615
25.392846
27.002923
24.947154
24.954692
27.633154
25.346538
26.763769
24.934769
25.895385
27.106308
25.459231
25.910462
25.732923
25.788231
25.903231
25.223083
27.452385
25.362077
25.605615
26.128917
26.134154
27.188538
25.899308
26.676385
27.346385
26.162231
25.044077
24.701846
25.394692
34.956769
25.132231
25.207000
23.560154
25.950000
26.017231
25.205538
25.057538
26.488538
25.712308
25.727769
23.655462
25.906154
24.319462
30.408769
25.535923
25.109000
24.828538
25.208308
25.292077
24.010846
26.069462
25.519769
24.984667
24.865308
25.975692
25.038000
25.814308
26.412154
26.658077
27.450385
26.078154
25.802615
26.130750
26.098538
25.726692
25.527077
25.871692
26.769000
25.918308
25.795385
24.329769
26.427385
26.595154
24.846846
25.384154
25.392308
26.770385
25.476000
24.500769
25.139000
26.818692
25.286769
26.745923
25.499000
25.564462
26.850231
26.221385
25.358167
25.903769
26.379385
25.097308
25.312769
26.782077
187.036364
25.386231
27.294231
25.356000
25.101769
26.422923
24.410462
26.890231
26.074000
25.395538
24.875615
26.073846
24.678077
25.610538
26.934846
27.275692
25.393538
23.460846
25.148154
23.195231
26.246538
25.634923
25.922538
25.034769
26.078692
25.540231
25.435923
27.103769
27.617538
25.527000
25.380231
27.246077
26.095385
26.151000
25.376000
25.289692
25.748538
24.253923
25.555692
25.027615
26.258462
24.948231
27.451231
24.912846
25.319462
24.912538
26.206385
26.380692
24.327154
25.890923
24.460923
25.578615
26.336000
28.447889
26.847077
25.891923
26.093846
25.123077
25.685385
26.637231
24.695846
26.463692
24.795769
25.720615
25.393462
24.595231
25.661308
25.666083
27.149615
25.787750
25.392077
25.821154
25.022385
27.361077
25.390923
25.452538
25.210154
25.973385
26.333692
27.537308
26.019308
27.098846
24.969077
24.754231
24.943769
25.305615
25.993923
25.120308
25.306000
25.017231
24.082154
24.556846
24.951154
25.544615
24.415615
25.467231
24.854077
26.111385
24.461538
24.168000
24.951692
25.556769
24.118462
27.106231
26.094769
25.203769
23.617692
25.458692
25.394462
26.306308
24.949769
26.401385
25.054692
26.677923
25.394000
25.224154
24.972750
26.598000
26.161923
26.782385
25.230308
26.649538
24.424769
23.924538
24.826538
26.473692
25.725385
25.815231
23.306692
25.042154
25.036769
25.897692
24.213167
25.284000
25.036154
26.161000
23.432615
25.980231
32.933000
25.961385
27.358462
25.631538
26.009846
27.757250
25.412385
26.062462
27.170308
24.840846
24.839462
23.544923
24.183308
27.291154
21.145800
24.946385
25.380923
25.464833
24.927000
25.886385
25.506846
25.983769
25.393308
26.610000
27.520077
26.817417
26.295000
24.938308
27.442462
25.845923
25.401769
24.937923
24.654462
26.332923
26.002154
26.589538
26.074769
26.676769
26.029308
25.448846
25.385846
24.722077
26.148083
25.637231
24.608077
26.162769
22.669750
24.358385
25.198308
25.983154
25.980231
24.959385
26.406385
25.615846
26.072462
26.238000
24.858000
23.838846
24.947000
25.540538
23.481154
26.157462
25.533308
24.914231
25.564462
25.722077
27.442462
27.431308
505.843222
25.756154
24.813615
26.153077
25.878846
26.823308
25.119000
25.293308
27.277769
23.505077
25.135385
25.252385
25.035462
24.578917
26.052846
26.032923
25.236000
25.045462
25.152308
24.910308
24.837231
24.071231
25.119154
25.814769
25.211923
24.939769
24.505308
26.484231
25.553923
160.321364
24.756000
25.837077
25.589154
25.208846
26.328167
24.837462
24.938308
24.053538
1239.677500
26.688769
26.762846
25.226385
25.607154
27.628923
23.365692
26.983000
27.181231
27.269385
24.577917
23.670077
26.760615
25.920538
25.606846
26.009231
24.935692
23.909923
26.146923
25.907154
25.036462
25.480231
25.393308
24.583417
25.042769
25.369077
24.825308
27.694154
25.790385
24.155615
26.427692
27.346923
24.351615
25.297308
25.398308
26.526231
24.692923
22.881500
24.926250
25.297692
25.370308
26.281308
25.231538
25.604615
25.218154
23.262846
23.390000
26.564462
24.557231
28.462250
26.592077
27.031000
25.788000
25.457462
26.134308
25.967769
24.254385
25.712154
27.304769
25.251385
25.564769
26.381385
26.420308
25.330692
26.134308
25.985154
26.133615
26.155769
23.459385
27.348077
24.346692
26.504231
26.155154
24.156385
24.325231
27.430385
26.329615
25.218077
29.987750
25.379538
24.419692
25.465846
25.810846
25.893538
23.635308
25.378769
25.392077
25.227846
26.926615
27.342923
23.969846
23.712154
24.984333
23.762083
27.445462
25.605692
25.726769
25.177231
25.116769
25.750308
25.960538
25.437077
25.722538
25.735769
27.169769
25.313769
25.562462
25.380385
26.676538
23.539154
25.227615
28.887250
25.738077
25.900077
25.477462
24.982583
25.548462
24.947462
25.651308
25.119846
25.650308
25.887077
25.763538
25.553923
26.747769
23.971846
24.950077
24.943769
25.054615
25.562154
25.925538
27.102846
27.537385
25.563615
24.981385
25.455769
25.374692
25.555692
25.708462
25.535846
25.822846
23.721846
25.044308
25.485077
24.975333
25.652231
25.904083
24.522154
25.438462
25.297692
25.887769
24.712385
24.921846
25.906769
25.222538
25.567385
24.650833
25.225154
25.212154
24.399231
25.530385
25.994154
25.384077
25.098923
23.779692
26.750500
26.657846
26.075077
24.841615
27.218077
24.930308
25.460692
33.851615
26.053615
25.725308
25.967375
25.987385
25.209846
25.762308
25.629615
24.852692
25.454538
24.683000
25.486692
25.669083
25.391846
25.089615
25.291308
25.636846
26.757875
27.429385
25.405385
26.223308
25.707231
25.481231
24.011923
27.249077
23.924615
26.074538
24.951692
26.133462
25.037846
25.821385
24.419846
24.309000
25.004308
26.011000
25.388615
24.136000
25.812462
25.222615
25.982385
27.192308
25.127538
26.121308
25.387615
25.687750
25.900615
24.725000
25.833538
23.665231
26.488923
25.835769
25.755923
26.245154
25.296846
25.207154
27.444077
25.328154
25.805000
25.218231
26.146692
26.248615
25.981385
27.156077
25.521500
25.299231
26.179308
25.469000
25.809923
25.655615
24.983917
24.937615
24.340000
26.220231
23.549462
25.620923
25.036615
25.373692
24.856615
25.724154
25.622308
25.970846
25.746769
25.946923
26.327000
27.530462
24.860538
24.248308
24.954923
26.397692
25.023154
25.152385
26.447500
25.034167
25.566462
26.250231
25.982769
25.492692
26.407923
25.393462
197.798818
24.823231
25.853615
25.742385
25.044538
23.871231
25.209308
25.039077
25.226077
26.050538
26.191308
25.740154
25.549769
26.569769
24.923333
25.985154
25.999769
23.572385
25.392846
25.267923
25.463615
25.369538
24.851692
26.657769
25.291692
25.183846
25.007769
25.898846
27.120833
25.220000
25.219692
25.392308
26.014154
25.633000
25.821231
26.227769
25.099077
25.834154
24.773231
25.294692
24.234615
26.936833
23.471308
25.901308
24.946846
24.077308
25.832000
24.383538
25.441692
25.617385
25.145917
25.736462
24.899692
25.122308
26.240692
27.450231
23.570231
24.500308
25.251385
27.277385
25.729538
26.279692
25.533769
24.695308
26.218154
23.633846
25.300769
25.037692
25.546462
25.295154
22.802385
26.383923
25.979846
26.174538
26.133000
25.226231
25.034692
25.119385
25.802231
24.637385
26.251692
25.032615
26.008846
26.128750
27.187538
26.154462
74.105750
26.045769
25.207538
25.030923
25.845538
25.374846
25.298462
25.472462
25.403231
25.625000
25.748538
25.180615
24.858538
167.500909
26.279077
25.555231
27.213750
25.688308
25.219077
25.119923
25.123923
24.384167
27.315231
25.833846
26.535846
25.906923
26.414462
25.928846
24.959538
25.289923
22.827000
25.025846
25.455385
24.678308
25.391615
24.982923
26.685923
26.812538
26.473462
26.566692
24.948923
27.535923
26.507538
24.357385
27.109692
26.280692
24.613615
24.946692
23.547231
25.882462
23.778385
24.176846
25.485308
26.026000
24.607231
26.748000
26.328308
23.722846
23.380154
379.349400
25.116923
27.366692
27.282538
26.069462
23.773692
24.169846
23.004846
26.074308
25.217769
283.995400
26.240692
25.208769
23.896077
25.862308
25.462923
342.341900
26.200231
23.547154
25.638462
27.222923
26.081000
24.948077
25.770846
25.055769
27.091875
25.376154
25.564077
25.392308
25.981462
25.436385
24.829692
27.189308
25.451000
25.134692
25.422769
26.821846
25.372231
24.766308
27.105308
26.936769
24.629462
27.377538
25.290000
25.755385
24.770154
27.623125
25.649000
27.533077
25.393308
24.343000
23.483846
26.765692
26.052615
26.574769
26.186615
26.053385
25.251846
24.006385
23.192714
25.122231
26.592154
24.342000
25.885000
23.902000
25.394846
26.574000
27.201250
26.255923
26.627154
25.635692
25.190462
25.161917
26.937538
25.289231
24.012615
24.136385
24.916385
25.031923
27.452077
26.916000
25.392846
26.677077
25.392154
25.911000
26.592154
24.469462
27.362462
25.855077
25.876615
24.832000
24.585538
25.650385
26.757615
27.182692
27.357692
26.562692
24.776417
27.450462
26.293769
24.778615
53.510692
25.724692
24.515308
25.581769
26.426385
321.080300
24.422231
25.364692
25.598615
23.426615
26.852385
25.216077
24.425769
25.954462
25.416500
25.565769
33.438538
25.310308
24.868538
25.380385
25.122846
24.946308
25.228923
24.075308
23.619154
24.730846
25.588231
25.430308
26.074538
26.056154
23.170462
25.205692
26.135231
25.980846
25.373077
24.865692
24.551462
25.992583
128.918917
24.943615
26.331231
26.593308
27.362462
26.308231
25.519000
25.463923
26.073846
23.070923
25.392077
25.043538
23.808385
23.482231
26.994231
26.423692
26.094462
25.346500
26.130462
27.614462
25.216615
24.830308
24.657833
25.403615
27.185833
25.037308
26.154308
25.546000
25.265615
25.814462
24.765250
25.048750
25.803154
25.822769
25.606333
25.722154
26.608385
24.227077
24.411000
24.533000
25.052462
25.549154
25.821846
24.622692
25.637077
26.251000
25.260000
23.545692
25.833077
24.872000
24.460154
25.609769
25.517692
26.633692
25.727000
25.919538
25.628000
25.881615
25.139923
25.820154
26.068769
25.270923
23.890923
26.661615
25.635308
25.902923
24.947846
27.079333
25.563846
25.043769
25.158077
24.853846
24.743923
25.223846
24.853077
25.007769
24.842000
25.078846
24.934923
26.162154
25.604308
27.449308
25.158917
24.920154
25.140231
24.921846
24.430308
25.888846
24.664385
26.284077
26.559769
25.540692
26.251769
24.958846
25.227692
26.545385
26.329923
25.122308
27.033769
26.222615
26.068769
25.235308
25.813077
24.971250
25.323000
25.114727
24.764250
26.590769
24.043583
25.198846
24.515462
25.302462
24.014769
25.392923
25.456769
24.627833
26.676231
25.897462
25.087846
25.488692
26.725462
25.318000
25.231846
25.138615
25.306538
25.284615
26.118462
27.300917
25.990462
25.043538
24.112154
24.949308
24.694231
25.032692
22.952923
25.043462
25.209308
26.036462
25.036231
25.029231
24.936846
27.280231
25.730692
25.034846
25.302923
25.227308
25.652385
26.661077
24.275154
24.860538
24.712154
25.375154
24.524385
25.974769
26.657462
25.563538
27.409846
24.092250
26.741538
25.546833
27.075154
25.892385
25.336538
25.453000
25.564538
25.995538
23.501769
25.979615
25.563308
24.756462
25.395538
24.909000
25.565923
24.957583
24.773077
25.877846
26.290231
25.392308
25.537538
25.035385
25.468462
23.366231
26.221538
24.692538
26.219462
26.032385
27.452154
26.278250
24.869231
27.276615
25.291385
25.306231
24.586077
26.535769
25.041692
25.369231
25.727692
26.107250
25.286077
25.371692
26.072308
314.175700
27.163538
26.094083
26.399846
27.361846
25.901231
24.946308
24.760462
27.307692
24.564154
23.397538
25.520667
25.561923
26.765000
24.934769
26.712462
27.295846
25.686077
25.138462
26.747308
26.010154
24.718000
24.937308
25.834538
24.957231
25.026154
25.302692
25.265769
25.088385
26.147333
25.637308
25.307308
25.881077
25.166615
25.391231
23.513308
25.116000
26.492308
26.008462
26.110077
23.839077
25.570538
26.088385
33.766385
26.595538
26.059923
27.767125
23.719923
26.286692
24.477538
25.392154
24.854385
22.820000
26.511846
24.780154
25.392615
25.828462
25.825538
25.393154
25.395846
25.093846
25.373231
25.197308
25.786000
25.391769
24.939000
25.310692
26.200077
25.544692
26.638385
25.383692
25.304462
24.673833
25.178231
26.659385
23.632846
24.919692
25.255385
25.226308
24.296615
25.142692
27.440385
30.087923
25.027769
26.156923
25.859308
25.801462
26.819385
24.002077
25.681846
24.549615
25.447769
26.849769
26.750000
25.647000
25.738846
23.072615
26.297231
23.508154
24.754154
25.075250
23.367667
26.297769
24.541308
25.287077
26.047462
25.761750
25.482846
23.459000
24.744692
27.447615
24.777000
24.688692
26.245077
25.375769
25.019462
25.049538
26.809923
27.791385
25.130615
25.569385
26.098250
24.145846
25.293385
25.110385
26.052077
25.950000
25.121231
25.388538
26.759375
26.135231
23.519154
23.354538
478.059556
25.081615
27.108692
25.674462
26.511231
27.546385
25.550769
25.936231
25.575231
25.533231
25.122000
25.864231
26.423000
26.847077
25.317231
25.127000
25.980308
25.110000
25.653077
26.049231
23.207231
25.775846
25.485769
25.550077
25.090692
26.557000
27.544538
24.504538
25.074077
27.278846
24.604769
25.563000
25.575846
25.069846
26.511769
28.322750
27.362231
25.247000
27.545077
26.746923
25.127000
25.721538
25.886154
24.591154
26.652750
33.149077
26.006769
23.876077
24.372692
26.596385
26.661154
26.436167
25.903462
27.790846
25.291692
25.290692
25.451077
24.257308
27.896500
25.883462
23.838154
25.886000
26.155154
25.580308
25.860846
24.772250
25.477077
24.682846
517.499889
25.392769
25.882385
25.384462
25.034846
25.467615
26.586077
25.857000
26.765308
24.678769
25.008154
25.448154
25.915615
25.747154
25.373846
26.911231
23.996154
26.430846
24.504462
26.502385
27.365538
26.165308
25.453000
27.450692
25.398769
27.160846
26.601231
25.673846
26.913615
24.605846
25.042538
25.333846
25.122077
25.964385
25.702308
25.393538
25.884846
25.393615
24.924308
981.236000
25.990385
25.034385
25.392615
24.586538
24.947385
25.887231
23.745462
25.143615
24.946538
25.286769
25.481462
24.837769
24.963923
25.545769
24.135615
25.141000
25.229154
25.452692
24.673917
24.991462
24.016846
25.724000
25.519077
26.134077
26.033538
25.177385
26.512462
25.055000
26.305769
26.928462
24.948462
25.373000
26.246308
25.684000
25.412000
26.390462
25.917154
24.279308
24.865000
25.228308
25.392462
23.652231
25.807615
25.393077
25.577769
27.013923
25.896385
26.165692
25.637308
25.388538
24.986385
25.111154
26.335000
24.670231
26.159923
27.105154
26.563154
26.230692
26.500615
26.097769
26.010308
25.302231
24.511385
25.723692
25.652769
25.939923
168.004000
26.003111
26.397308
25.142923
27.188615
23.994846
26.028615
26.134769
25.393308
25.984462
27.095923
26.692615
25.984417
23.331615
26.250000
23.402923
24.763846
23.899538
25.209923
27.601875
26.588154
26.745077
25.378077
24.098462
25.655000
25.312000
26.065462
24.969077
25.983462
26.759923
26.583615
26.473154
452.385444
26.163154
25.480308
25.565462
25.091769
25.976154
25.110000
25.393000
25.393462
25.987923
25.301385
25.383308
26.133000
25.179846
27.276538
26.577615
24.971750
25.620846
24.717231
24.754077
25.689846
26.256846
23.922385
21.357667
24.458769
26.093308
25.909846
24.684846
24.275923
25.335923
26.298538
27.161231
25.746615
23.370692
24.679000
25.976846
25.988846
27.121833
24.906077
23.640154
25.520923
24.631154
26.020769
25.849462
25.971231
25.947615
25.390923
24.974692
25.896308
23.925923
24.606000
26.008385
27.103846
24.510231
24.947462
24.592538
25.319308
25.862769
26.096385
26.600769
25.062923
24.006231
26.574231
25.997462
25.989231
25.480538
26.283692
23.648923
26.575385
25.885923
26.045333
24.950615
26.229385
25.127231
25.856923
25.473769
25.991077
25.036077
24.440462
24.949308
24.839000
25.465385
25.113692
24.606923
26.069077
25.128846
25.896538
25.812846
25.391462
25.376846
26.073769
26.132538
24.328923
24.844385
24.170000
25.759923
25.795692
27.188154
26.429538
25.462615
33.424385
25.380154
24.859000
26.937231
24.017692
25.120923
25.224769
25.423333
26.096000
25.045167
25.039769
25.562615
25.908385
25.443692
25.810385
26.547000
25.358077
25.488231
24.987923
25.074538
25.218462
26.102846
23.810538
24.542000
25.383923
25.564615
24.013077
25.037615
28.991308
26.157154
25.043769
26.183308
25.974154
24.791833
25.544923
26.468692
25.234583
24.777385
25.042385
26.944000
26.330385
25.705615
23.731538
24.851615
27.452462
25.838462
27.446000
24.014923
24.541154
26.512231
24.413077
23.715615
26.242077
23.286417
26.915077
25.822615
25.922615
25.035462
45.701538
26.074308
25.970000
25.611154
26.053692
27.071846
23.810154
23.788000
27.537000
25.172692
25.387308
25.457077
26.148385
23.919077
27.167231
24.971500
24.356000
27.354385
224.619545
25.716077
25.428846
86.257750
24.675077
25.033000
26.574385
25.564923
24.979833
25.805154
25.764769
26.156308
26.572769
27.171846
25.378385
25.391000
26.989231
24.685846
25.283615
27.171538
25.374000
23.243769
27.363615
27.183077
25.357462
24.368385
26.915308
25.179769
26.484769
25.221462
26.080000
26.269462
24.874000
26.648846
655.131875
25.907000
24.670583
25.478385
25.990154
23.750923
264.567400
25.533923
26.706462
24.136077
25.830538
26.560231
25.038308
25.921769
25.427692
25.925846
25.477000
26.226846
25.224462
25.120385
24.175077
25.709846
26.426308
25.107385
23.601231
25.044308
25.053615
25.562769
26.712462
25.391077
26.781692
25.221538
25.199077
25.719615
25.626077
26.161462
24.853385
25.915000
25.034077
23.182769
25.297692
25.279923
26.569846
27.265154
25.008231
26.069769
25.037615
25.186308
26.006923
25.040846
25.808769
27.443692
25.393615
26.511769
27.714154
25.392846
25.635615
27.052615
25.003846
25.096154
25.783769
25.141846
26.245846
27.858333
26.244154
27.446231
24.644308
24.848385
25.605462
25.035462
26.576923
25.632692
25.972769
25.226615
25.370692
26.764846
25.631692
26.597231
25.396615
26.397231
24.690538
25.635462
26.426692
25.836385
25.607000
25.361077
25.457308
25.456615
25.612077
25.986385
25.013538
27.536308
26.053154
25.630769
25.378538
25.981923
25.607615
24.581615
25.544308
26.504000
25.384769
25.121077
24.948000
25.393231
26.062538
24.452385
25.391538
24.972077
29.887500
25.635231
27.006769
25.125692
26.234923
26.278538
26.588769
25.659231
25.857231
26.848615
24.871250
26.068615
25.452154
24.097462
27.168462
24.606615
25.551538
25.983308
25.520538
25.774692
25.379000
27.021000
25.213538
24.158615
25.563308
25.227462
27.107308
25.983846
24.958385
26.016692
25.134385
25.724308
27.364077
27.535231
25.021615
24.184750
23.636769
25.118846
24.979833
25.545923
27.491083
25.384846
25.481923
26.260250
24.426077
24.381538
25.479462
26.045769
26.787385
24.934333
25.021231
25.312692
25.033250
27.019846
25.208385
24.926769
24.851308
25.866385
27.526385
26.148385
24.097077
24.708538
25.562923
25.230846
23.977308
25.361769
25.043000
26.401769
22.047714
25.105846
25.806154
25.992231
25.041846
25.378846
26.250308
24.755833
23.984692
27.120000
25.399846
26.167615
26.229077
27.363923
26.573077
26.047769
25.951769
25.826692
23.195308
25.233154
25.186385
24.763923
25.352077
28.464500
24.624846
26.133308
25.302538
23.885385
26.394308
26.937769
25.737615
25.944231
25.948538
25.796615
27.274077
24.852692
25.311538
27.767833
25.854077
25.298846
24.312000
25.370462
24.405692
25.634462
25.815462
25.377231
25.896000
26.441923
26.095923
26.210154
25.141923
23.635308
25.540692
25.904000
25.947923
25.628000
27.171923
25.508077
24.840846
26.156231
25.146692
24.227462
27.453077
27.450385
24.005308
25.771077
27.681750
25.643615
25.565077
25.905538
25.814077
33.170769
24.686154
25.551385
60.373167
25.317462
25.377692
26.223231
25.372923
25.223000
24.659385
25.564462
25.105000
26.751154
26.323846
25.088769
26.093077
25.560923
25.394077
24.013462
25.810385
25.011615
24.477583
26.934692
25.343923
25.636846
24.865923
25.945077
25.736615
25.481769
33.505000
25.712231
25.031077
23.469308
25.716462
26.000385
25.121615
24.849538
23.370692
26.094000
26.675000
24.946615
25.724923
24.931154
26.428462
24.935154
25.720462
23.921538
26.512692
25.228154
27.023538
25.206000
27.532385
25.580077
25.975769
26.227615
24.401800
25.993615
26.928077
24.625846
26.156846
24.938077
25.398385
24.498462
25.645692
24.950923
24.973917
25.602583
25.820538
25.975000
25.737308
26.094231
24.238923
25.404308
27.273923
25.719692
25.564154
24.309500
25.480000
26.133077
26.438154
25.235692
26.418308
25.434000
25.392000
33.686231
26.659231
25.204154
24.998308
26.000154
24.855000
26.237308
25.564000
25.754000
23.458615
24.798538
25.724154
24.939000
24.947077
24.972000
24.938769
23.453462
25.137231
25.113000
25.924231
24.268462
25.199923
25.717077
25.352846
26.135615
26.592000
26.596769
25.215538
25.443769
26.749583
25.557077
24.505923
25.879154
24.743583
26.071923
24.008385
23.730769
25.044538
24.591769
25.032769
25.517462
25.999462
25.988538
25.402385
25.636615
25.408750
26.167000
25.328077
24.672167
24.949231
26.423615
23.908154
25.460385
24.263000
340.208300
25.393077
25.814769
25.994769
27.268538
27.364615
25.307000
23.951000
26.661462
25.678923
26.513385
25.395538
25.035000
25.031077
25.276923
24.720769
25.391692
25.162769
27.622231
24.858000
24.539077
25.609077
25.320231
26.070462
24.839923
24.501308
24.255077
26.071000
27.364077
25.687154
25.138154
25.178538
26.852000
25.042538
24.858923
24.920846
24.851923
27.367077
25.013231
95.598083
25.537231
25.528308
26.274231
26.591692
26.502769
26.113250
25.252154
23.482000
27.377462
26.406769
25.906538
23.903385
26.048462
23.271250
25.453385
25.138000
24.165385
25.735692
25.922692
25.530769
25.984385
24.864462
25.139615
24.307923
25.007231
25.545308
25.991538
27.536615
26.251308
26.166462
26.872846
25.456077
25.049000
24.669846
25.643333
27.098769
25.875769
26.165308
24.502000
25.310462
26.577769
27.177154
25.988154
26.030154
25.506538
25.370692
25.547692
25.124692
24.904385
25.906923
25.040538
25.896462
26.076385
24.945231
25.774833
24.580167
25.043692
24.691231
25.285231
25.409769
24.255462
25.120769
26.069538
26.427462
26.108846
26.647692
24.419615
25.986769
23.404462
25.906769
26.140077
25.632923
25.563462
26.166500
25.310077
26.315769
26.089615
25.288385
26.764538
25.739462
25.937615
25.972000
26.429231
25.043769
25.227000
25.093077
25.599692
25.392154
23.539154
25.470692
23.806769
25.822846
25.226462
25.481462
23.819000
25.155333
25.189077
24.970538
26.615538
25.990692
26.073154
24.002923
24.512308
25.872308
24.950769
25.564231
26.451462
25.723000
27.080769
25.116846
27.411538
23.636077
25.546308
25.209692
24.743923
24.908692
26.670462
26.080154
24.012846
24.859385
26.396308
25.112615
26.149385
25.469308
26.072231
24.472308
26.345308
25.394077
25.003923
26.476846
25.235462
25.430538
25.749846
25.376154
25.516769
25.359692
26.437500
25.121538
25.799615
26.104583
25.838692
26.009923
25.462385
24.042308
25.956846
25.369231
25.653769
25.214692
25.832000
25.481385
25.140077
27.377615
25.905154
26.092667
25.945231
25.894846
26.077846
27.445846
25.471538
24.307385
26.573923
25.394231
24.775615
24.330615
27.457615
24.112846
24.677846
25.880308
25.104154
25.974077
25.391769
23.393923
24.853077
25.884462
25.569615
25.447769
26.493692
26.010308
26.813083
28.635500
25.341462
25.210000
26.425250
26.111333
24.950769
25.479000
25.122385
26.076462
25.379692
25.757769
25.339231
25.210846
25.747769
24.501231
25.519231
25.793769
24.689154
25.892000
25.129667
24.793500
25.000615
24.857769
26.030923
25.052615
25.044000
24.653308
24.688231
26.133077
26.149923
24.843692
25.289077
25.121615
23.736231
25.120769
26.159692
25.473385
26.064500
25.947000
24.254154
25.033923
24.946385
25.011308
24.939538
25.126462
23.450000
25.131769
25.299231
26.472385
25.969000
26.749538
25.023538
26.527385
25.051154
25.611615
25.292846
25.533077
25.947769
25.118538
25.393769
25.391615
24.498615
25.562231
26.129750
26.146308
25.033923
27.318615
25.042231
25.205462
26.169923
81.143000
26.757538
24.508308
24.245615
25.573538
25.092000
25.860308
26.371077
24.984833
25.553769
27.170154
22.914231
27.275538
26.052231
25.994462
25.206154
26.239000
25.037692
25.565846
26.201000
25.034615
25.814538
25.290000
25.037538
25.280077
24.852769
25.117923
25.609154
26.239615
24.951769
25.862769
33.340308
24.985250
25.565308
25.890308
25.408846
25.391154
25.552308
434.758889
25.394077
25.830385
26.250538
25.971462
25.033923
24.387083
23.654385
24.246615
26.133615
26.546000
25.981154
25.453077
24.400231
25.163154
27.535538
27.360000
23.791462
25.889462
26.570077
25.637538
25.041385
25.623000
25.555385
27.302462
24.426385
24.804000
24.858692
25.028308
24.469385
26.066308
24.426462
26.558538
25.567154
25.606000
25.682692
24.831077
26.068769
25.980846
25.718154
26.569846
26.416462
25.560538
26.417692
25.383385
26.852154
25.129615
120.783250
26.436083
25.662154
25.811385
26.134231
25.838308
26.763769
25.519385
24.455231
24.948385
26.397154
26.461385
27.979769
23.547385
25.996000
25.979846
26.428538
26.721125
26.920917
27.622462
27.450154
26.558308
25.026692
25.146077
25.218615
26.526692
25.857154
24.946231
26.119308
27.449385
25.546846
25.634538
25.035692
25.129538
25.291077
25.091154
25.196846
25.528846
25.029923
23.637462
25.900538
25.452462
24.173000
26.247154
26.145077
25.466000
26.220308
23.275846
26.148308
25.036615
27.427077
24.503154
28.049375
24.938385
27.617846
25.841154
26.153538
24.765923
23.951385
25.181000
25.327077
25.035385
26.020923
24.342846
25.395154
25.024385
25.519692
25.896538
24.937692
25.690385
26.137077
26.085615
25.387154
26.523923
26.155462
24.982538
26.427385
24.968154
26.035083
25.563769
26.147154
24.945000
27.265308
25.821231
25.282077
24.215333
25.653250
24.078538
24.513385
23.671308
27.380083
23.821308
27.086750
24.941769
25.981077
26.082769
23.972923
26.107154
25.781154
25.706615
23.901846
25.376231
24.397923
27.361615
26.598077
27.276692
25.043231
25.373538
26.472923
26.133769
89.032083
47.520417
25.092000
104.262917
25.110462
26.251923
25.791154
25.296308
26.934923
26.797769
23.559231
26.475385
26.421385
27.358308
26.133077
77.384083
26.477385
25.140308
25.356615
24.185154
25.459077
25.518385
41.132846
27.676083
25.466615
24.499769
23.461462
28.359500
26.071923
24.947462
26.502462
25.023846
25.477538
26.073308
24.336154
25.282308
24.294769
25.432692
27.963000
25.125077
24.547846
24.776308
26.072077
25.303615
26.012769
25.802769
25.524846
23.473667
26.672308
24.747769
25.810308
25.044538
25.871846
25.808231
25.199538
24.985923
23.895692
25.964154
25.704167
24.456462
26.114692
25.516538
26.092385
26.334231
25.623615
25.513692
25.391769
26.847692
26.078308
26.156923
25.125462
24.757692
25.561923
25.041923
25.725077
24.014462
26.238462
27.277077
24.863769
24.492308
25.563333
28.462500
25.918231
24.951077
24.292308
25.371769
25.541250
25.017385
25.299769
27.357769
25.728000
25.228000
25.975769
27.061923
25.737083
25.289615
27.190923
24.903308
25.100462
26.445231
27.753750
24.187538
25.022538
25.043615
1278.102833
26.983667
30.757538
25.906154
25.485846
23.580308
27.275231
25.037231
26.073000
24.997615
23.438308
25.939692
25.566769
26.196923
25.982769
23.574462
26.076462
25.853308
26.009154
25.294000
24.577846
25.806462
24.852154
23.577308
25.716923
26.219615
26.041077
26.063462
25.355231
24.984917
25.195000
27.091692
25.747538
26.244923
25.894385
26.488308
25.029000
26.001308
24.689538
26.221077
25.228846
24.958154
25.350917
24.984083
26.140154
25.902385
25.705538
25.382385
25.976077
26.476462
23.689417
26.068615
27.719385
26.515444
24.853385
27.513250
25.468692
25.460538
24.575154
24.856000
26.069385
24.887667
26.330462
25.987538
23.365692
25.478846
25.472615
25.435231
25.600615
25.623769
25.120538
25.513917
23.135692
25.272846
26.599462
25.034231
26.041615
25.941923
26.870846
26.028692
25.637250
24.385667
25.795846
24.949154
25.043000
25.480923
24.606077
25.580077
23.546000
25.387308
23.635615
25.143692
26.972000
27.105923
25.301231
24.417769
25.550231
25.635692
26.665769
27.076154
26.074077
26.462077
25.644923
25.224692
25.391000
26.132923
23.907077
24.983077
24.994308
341.739900
25.816000
24.839769
26.060154
24.132250
221.353909
24.784769
26.133308
26.076077
24.948462
25.509692
25.373846
25.085615
25.922667
26.383077
25.395308
24.430000
26.657462
24.923692
25.229154
25.030154
27.330615
25.294308
26.110846
25.301077
24.420692
25.713077
25.624692
27.264538
23.008615
25.035308
24.999538
25.392769
40.327000
27.261538
24.504462
25.376154
25.826000
27.450385
24.154385
25.123846
27.200222
26.249538
24.555667
26.097308
27.451692
25.350615
27.777125
27.021538
26.759615
23.997462
25.554615
26.132231
25.856308
26.330077
25.843769
22.861538
25.563769
24.684231
24.775231
24.400500
25.396615
25.392692
25.907083
25.907385
24.867923
24.766308
26.040385
24.514538
25.481769
25.605308
25.306231
27.349923
25.015308
25.975308
25.550769
25.388385
25.324462
27.358385
25.436615
105.785583
24.161615
25.307615
24.945769
24.830615
26.237167
25.376538
25.393462
26.172750
26.218846
25.596308
26.070308
25.717154
25.493000
26.906923
25.983615
25.051692
25.036692
24.101923
25.263231
26.592000
25.391385
25.481769
25.038462
815.751143
25.822154
25.138077
25.373000
23.174833
24.479000
25.300846
25.739846
25.478231
26.245615
25.294077
25.812846
23.623538
25.863000
26.086077
25.379077
26.061154
23.775000
24.175308
25.878538
24.759308
25.452000
25.031615
26.752231
27.363923
26.135077
26.094462
25.814769
25.117538
25.566462
23.711692
25.043769
27.192692
25.989308
25.967692
25.450846
25.296462
26.555538
27.190462
25.568000
26.673000
25.966846
26.682000
25.423462
24.599000
22.924462
26.500923
25.800769
25.045000
26.907615
26.162769
26.846385
25.261167
26.179846
25.223077
22.943154
25.051462
24.633923
26.153833
24.742917
26.477462
26.166077
25.022769
25.388000
25.742154
25.609308
24.914308
24.941667
25.353923
25.624308
25.970692
27.358462
27.446615
25.518769
25.422500
27.435769
26.328538
24.948462
25.037615
25.933308
25.448500
25.990846
26.534846
25.890667
25.562615
25.210077
26.556538
24.559333
26.626000
26.047923
26.003000
25.300769
27.262923
25.451000
24.499462
24.039538
25.168333
24.176462
25.309923
23.370000
25.391231
25.541077
24.256385
26.047692
27.434308
97.608833
24.948385
27.652231
26.644154
27.016538
25.368000
24.594846
25.034846
25.139846
24.861231
25.906769
25.036000
25.400538
25.218308
25.314692
25.439769
25.480308
24.806154
24.147231
25.460231
26.074538
26.182231
24.172462
26.631000
26.319692
476.290222
24.458538
25.214077
25.389308
25.453000
24.171923
25.393077
23.339231
25.669538
25.212385
24.821308
23.538923
25.621385
25.376385
26.061231
27.770500
27.366692
25.906538
129.995750
24.766385
25.375769
23.924846
25.790846
25.991769
25.295231
24.853538
26.134077
24.268538
25.122231
25.042615
26.422692
26.165077
25.258846
25.979308
26.267333
24.217769
25.133692
24.883385
26.216000
25.286538
24.970000
26.005077
26.505000
26.159000
25.791000
24.937769
24.657462
24.779692
25.608538
25.393385
24.946538
26.071231
25.535077
25.567308
25.976615
25.723077
26.764000
24.975833
25.875538
26.501692
25.392231
26.041769
25.066385
26.422538
24.610462
25.001846
23.908462
25.983385
26.908231
24.686538
25.210769
25.482846
24.506692
26.162692
24.937231
27.171308
25.276462
25.821308
25.457846
26.100077
25.604000
25.312462
26.347000
25.898231
26.229000
26.591692
25.576385
26.496385
25.548385
25.888615
25.100692
26.641769
25.796615
26.850000
26.739769
25.884692
27.434462
27.137462
25.378769
22.949308
25.278385
24.673250
26.317250
26.328923
26.402615
24.577538
26.579077
25.630923
25.451769
25.197462
23.454538
25.239462
26.132769
25.994846
25.545538
27.364692
27.430769
24.984667
25.476308
23.376769
25.520538
25.038923
25.311615
25.123923
26.078769
26.673154
25.232462
23.034923
24.509000
25.119077
24.013000
26.507923
24.954385
25.713000
23.351231
25.896846
25.451000
24.756615
24.950846
25.694462
25.622538
25.950923
25.020385
25.013154
24.327000
25.123308
27.253615
1254.670667
25.054308
25.900308
26.009769
25.390846
26.025846
25.554769
25.210077
23.820000
25.291308
23.750077
25.451769
25.782308
25.604615
24.080231
25.125077
25.226846
26.054462
25.818385
25.055462
26.256000
25.391538
26.556308
25.696923
25.393846
25.478462
23.546308
