10.837537
11.453537
10.771585
13.513927
11.270512
10.801634
10.743195
11.873659
11.373268
11.429317
11.241659
11.077317
10.903439
11.113561
10.692833
10.901405
11.080878
11.241929
10.718561
11.070902
11.954071
10.618000
11.320439
10.628780
11.346844
11.221878
10.721927
11.154795
11.350810
11.424550
11.388488
10.809634
10.578405
11.353293
11.330902
11.377268
10.990561
11.148683
11.123550
11.945073
10.901195
10.922024
10.784537
11.321195
10.786341
10.720463
10.707439
11.579073
10.924585
10.475683
11.415610
11.921211
11.033683
11.373927
11.005463
11.281463
11.086951
10.951317
11.090976
11.450122
10.703805
11.494537
11.230333
10.978119
11.595000
11.290543
11.634902
11.430707
11.604683
11.093071
10.847205
12.073562
10.911171
11.367293
11.009537
11.484171
10.840341
10.861634
11.125690
11.252268
11.089048
10.994073
10.899439
11.006341
11.305881
10.832976
11.092756
12.107341
10.826463
10.814357
10.882707
10.739238
10.897524
11.317610
10.905881
11.080805
11.012317
11.039310
11.152146
11.093146
10.747878
11.234024
10.953488
11.327732
10.951073
11.083366
10.847195
11.254317
10.811000
11.263024
11.092897
10.848927
11.217317
10.781049
10.964390
10.927952
11.657244
10.776897
11.182073
11.117756
10.847195
11.200805
11.885049
10.928902
10.861561
11.164512
11.015244
11.194357
10.638537
11.189610
10.979268
10.913262
10.548805
11.247805
10.879293
10.968902
12.194611
10.988000
11.631293
11.098171
10.898439
11.147220
11.287805
10.889976
11.093488
11.036854
11.695146
10.775857
10.614780
10.620732
11.195317
10.730810
11.253220
11.461976
10.625195
11.234905
11.094610
11.111439
11.044738
11.115878
11.140829
11.253476
11.016463
11.006146
11.015902
10.879756
11.419683
10.868119
10.735439
10.971317
10.879439
10.842854
10.771286
11.039829
11.317756
10.806902
10.862171
11.379366
11.603463
10.912707
11.139098
10.885634
11.097976
11.205317
10.676829
10.873049
11.060927
11.135732
11.114073
10.796610
11.352951
11.607829
10.900457
11.779610
11.003000
10.827951
10.947683
11.222073
10.824610
11.289220
11.721976
11.215927
11.188122
11.116537
10.772333
11.316976
10.835683
10.916049
10.770561
11.523561
11.053854
10.502000
11.601268
11.152262
10.946902
11.150976
11.921944
11.355488
11.532488
11.307024
10.988951
10.464220
11.191524
11.182951
11.052514
11.081439
10.781561
10.882732
10.856780
11.067244
10.699049
11.382976
11.383415
10.593829
10.891707
11.133659
10.790390
10.986561
10.985707
11.136238
11.131756
10.954707
10.862756
10.925595
10.987780
286.176758
11.001683
11.075976
13.521829
11.191732
11.162268
11.170171
10.874756
10.626756
11.289171
11.345146
10.733333
11.160976
11.168976
10.873024
11.671537
11.162707
11.427512
10.888878
11.128951
10.782756
11.174829
11.040146
11.187780
11.620073
10.744190
10.966195
10.901000
12.184313
11.231643
11.089805
11.302439
11.130927
11.028171
11.095927
11.301512
11.090780
11.058000
11.478463
10.831692
11.166415
10.637024
11.089952
11.226244
11.479439
10.654500
10.866683
10.960829
10.996488
11.217049
10.783561
11.278244
11.139317
10.887439
10.847220
10.888537
10.909244
10.725156
11.329238
11.088634
11.146829
10.863143
10.974512
10.717220
10.806049
11.097049
11.105902
10.806619
11.169293
10.930659
10.752171
11.136122
11.521220
11.041293
10.871341
10.947512
10.788585
10.954366
10.786317
10.915171
10.527951
10.908000
11.249024
11.492514
11.078341
11.428098
10.967537
11.330854
11.441780
11.162756
11.076366
11.037878
11.195571
11.528463
11.070878
10.884024
11.213829
10.899951
11.344333
10.923122
11.152122
10.950024
10.744488
11.578463
10.666366
11.329854
11.135512
10.953000
11.181098
10.519024
11.093878
11.384000
11.195927
10.649000
11.017238
11.367171
11.011317
11.314561
10.886488
10.844610
11.166463
11.339951
10.808122
11.159366
11.181683
11.204317
11.268805
10.738049
10.890829
10.965143
10.894707
11.080707
11.171805
11.088619
10.907195
10.967524
11.085098
10.994951
11.197390
10.852415
10.572268
11.105512
11.362829
11.095854
12.430687
10.509048
11.218086
10.839122
10.900634
10.785238
11.010000
10.578143
10.984878
10.962463
