19.972000
18.365167
17.316500
17.226667
17.638500
19.171333
18.955000
18.134500
15.164500
17.129667
17.320000
18.350833
21.946667
16.880667
19.383667
15.409500
18.879000
14.894000
17.328000
16.947333
15.310000
17.222833
16.656500
16.432333
941.754000
17.056167
18.636167
1051.213667
18.426667
20.537000
15.144500
18.954833
17.222167
926.339667
18.684667
21.019333
19.529833
17.521500
19.592000
19.042000
18.824167
15.276333
16.102667
18.826333
19.979167
18.610333
21.238167
18.357167
19.859833
18.636000
19.265667
17.760500
17.229167
18.113167
18.155000
15.597667
17.224333
18.143667
19.378167
20.081167
19.649167
20.506167
17.735167
18.363833
19.057667
16.802000
17.677167
18.626833
16.838000
19.287500
15.410000
15.299833
17.189667
18.199833
20.562167
15.659500
15.500667
14.722833
18.674000
16.073667
19.322167
18.360833
17.965000
17.062667
15.503167
37.207500
16.072167
19.032500
18.351000
16.756667
19.119667
16.131000
14.530667
15.951833
16.752167
19.168000
15.392167
22.305000
18.639500
15.300500
17.964500
18.155667
21.553667
15.139167
22.451833
20.166167
17.079500
16.650667
19.175167
18.161667
19.429500
15.301167
17.556000
20.275167
18.773500
17.221833
19.262000
19.122000
16.078000
17.131833
20.234167
18.847167
962.501333
17.422500
18.949500
19.459667
16.701833
17.223500
16.852500
19.707167
18.213333
19.180500
18.923500
20.096833
19.013000
16.147167
18.734833
18.471167
15.891833
18.735500
15.500500
16.792667
16.287167
15.499833
16.490667
15.606000
17.075000
20.328167
15.497000
16.657167
15.499833
18.637500
17.225667
17.228167
19.004500
19.099400
16.075833
18.755833
18.224000
16.072667
19.374833
18.825333
17.959000
18.625000
15.278333
15.932333
17.861833
18.825667
16.565500
16.481333
18.825667
18.945667
17.517167
18.525000
14.722833
17.222333
19.874500
15.499167
17.223000
21.298000
18.364167
18.360667
19.638000
15.306333
19.608333
15.221667
16.750167
20.713667
21.643833
16.526667
18.338500
15.300833
17.441833
17.635667
15.596500
18.303333
16.168667
18.979333
14.316667
18.439667
17.222667
22.252333
18.366667
16.314333
20.349833
14.888000
17.220000
19.986667
14.626500
20.849500
18.770333
21.204333
19.113333
18.923667
16.765667
20.302333
15.696500
17.278500
19.313000
17.196500
20.404500
18.351000
17.222000
18.834500
19.139167
17.318833
24.658167
18.763000
15.932833
19.458833
19.466333
19.638167
20.836667
18.975000
18.512167
15.889833
18.952167
17.065167
17.220833
15.406500
18.636500
15.676667
17.223167
20.593500
18.429000
15.983500
20.546167
16.289167
19.072333
17.215333
20.024167
18.950333
18.546833
16.657500
17.223500
18.636833
17.731667
17.274333
19.647500
16.654333
14.214500
16.059167
17.759667
16.073333
17.322667
18.429000
18.834500
16.770500
17.318667
15.847333
16.656000
19.015167
2007.741500
14.125667
20.737667
17.850000
19.976833
36.388000
16.837500
18.976667
15.302833
16.274000
17.222833
15.570000
18.949833
18.825667
17.221833
15.456000
18.960500
15.456167
14.673333
20.544000
18.943500
15.408333
18.568167
23.363500
17.272333
18.658500
16.278667
15.869333
18.305000
17.137667
17.132000
16.930667
507.110500
15.409667
16.638833
20.161000
19.986500
18.826333
18.737000
19.538667
18.779000
17.886667
19.211000
15.677000
16.826500
18.520333
17.318333
21.732167
20.854000
16.655500
15.301667
17.222167
18.805167
17.702833
17.862167
17.864500
20.925333
18.360333
16.845500
18.124167
19.888333
17.019167
20.068333
16.833167
18.639833
18.251333
18.761333
15.884500
612.014000
18.175333
18.658000
15.949833
22.274167
22.298000
19.354667
18.365167
20.718000
19.229000
16.749000
20.260333
17.638000
18.734833
19.129500
18.989333
15.145000
20.129833
20.288500
15.974500
16.546833
17.653000
15.500667
15.448333
18.977500
17.527667
18.515333
17.223167
19.332333
16.503667
16.847833
18.551167
18.955000
18.924167
15.210167
18.733667
15.017167
15.887000
19.974167
14.628000
16.562000
16.031667
15.500167
15.474333
18.921333
16.079500
18.950167
18.359000
19.216800
17.668667
20.580500
17.681333
16.877500
17.436667
19.211833
22.351000
18.976167
18.197667
18.734333
19.460000
20.506333
18.048333
18.923833
15.299500
15.499500
16.655833
19.320667
16.379833
19.058167
15.499500
17.964167
18.735000
17.221833
18.925167
18.924500
19.112333
21.301500
19.043667
18.826167
625.303500
15.396667
16.853500
17.735333
18.638333
18.928833
15.602833
18.657000
17.204833
18.824167
18.996333
15.208667
19.165333
17.356167
23.841833
18.855167
21.374500
18.642333
17.317667
21.301333
16.654500
18.761500
18.826167
15.801833
17.171500
16.568833
17.320167
17.223333
16.072667
18.857000
16.757167
18.922333
37.898000
18.981667
21.128000
19.397833
16.297167
16.973000
17.863667
19.056833
18.659000
15.306500
20.831500
17.909833
18.354833
18.631833
16.563833
16.084167
18.942000
18.950667
15.500000
17.274667
17.419833
18.381167
19.868500
19.113667
19.256333
18.586333
17.703000
17.309167
21.296333
20.212167
17.130833
21.298167
18.359667
16.842333
17.399000
16.074167
21.017167
18.365333
20.540167
16.790167
21.487167
17.433000
17.443500
15.280167
19.582333
18.640167
314.275200
18.735500
21.298000
18.828333
19.123333
17.511000
42.369800
20.159833
17.079333
18.944500
19.212333
16.655667
18.834167
16.935500
17.223000
18.314167
14.703167
19.248167
14.702333
17.078000
19.991833
22.499667
17.581167
20.332000
15.599167
20.536000
16.567167
18.635333
17.855500
18.251000
21.552333
20.265667
17.638667
15.847500
15.982000
17.076667
16.289667
19.024500
15.957333
16.430500
17.629500
18.825500
17.037167
2125.937500
18.639500
15.556333
21.474167
18.009000
18.191833
19.742167
22.101500
18.825167
15.302333
19.994500
14.890167
16.404667
18.951667
18.831333
15.698167
18.984667
17.420800
19.700667
17.075333
20.089000
14.383167
15.885000
14.958500
19.413167
17.651667
17.223167
18.635667
15.112500
17.228667
17.638000
18.638833
15.483667
15.980667
16.655167
20.043167
18.822833
16.845500
15.927667
17.633500
15.821833
16.466167
18.638167
17.624667
16.853833
17.846833
16.657500
16.838833
16.946500
19.981833
18.728667
18.449000
18.634833
18.818500
17.352667
21.301167
18.673333
18.365833
18.825667
18.546167
18.626667
17.359500
20.366500
17.222167
17.028167
22.460500
18.826833
15.301500
17.963667
16.588000
24.651333
15.408500
16.435667
17.435833
16.493667
18.549500
15.500833
16.173667
18.151333
18.828167
18.923500
21.154833
23.153000
18.639333
20.255667
17.204000
19.212000
18.365667
16.946833
42.192800
17.226667
20.264167
19.255167
15.801833
18.252833
16.450667
19.459833
16.509833
39.315667
21.298167
17.228833
18.512000
15.299833
19.059000
17.965167
15.477833
16.647667
19.753000
18.487667
20.787667
21.235333
20.019667
17.075667
16.463667
19.209833
15.456500
15.514500
20.182000
15.500167
18.636000
20.394000
15.432333
19.128500
19.610500
16.489167
20.688000
20.676833
18.718667
17.362000
17.640833
16.653667
16.754167
18.739000
15.597833
15.883667
17.639000
16.100000
18.353667
20.796667
18.735667
17.236833
20.619167
18.547667
15.408167
21.553500
16.852000
19.987000
18.696000
18.825167
19.550333
22.367667
16.284000
18.351333
950.337667
16.318167
15.503167
18.093167
20.489000
18.348833
16.655000
42.975400
18.763000
15.854500
16.838500
18.548500
17.556000
16.272000
18.816500
19.277833
17.203667
18.923500
22.271833
16.035000
17.633200
17.497000
15.885833
20.061333
17.057833
19.072833
23.457167
18.106833
15.680667
16.136667
15.441500
15.868167
18.636000
17.953500
16.853167
18.388800
18.523200
16.073500
21.401500
17.279667
17.613167
18.100833
24.212833
16.555333
19.282500
15.502000
17.638500
22.300500
15.794500
16.262333
17.053833
16.528333
17.638500
19.600833
19.630500
17.131500
18.891000
15.300833
20.382333
15.597500
17.222000
22.273333
16.757000
17.131000
21.393167
14.706833
15.300667
18.351333
16.846167
17.849500
19.665167
16.855000
17.298833
18.176167
17.457000
18.975667
19.376167
16.370167
21.502167
18.520333
21.262833
15.885500
16.115167
19.256833
15.981333
17.274500
21.572500
17.761167
17.924833
18.248667
17.055833
16.661167
17.365333
15.564500
19.264200
17.222000
16.075833
19.155000
17.477167
21.029167
18.705167
18.254500
15.428833
17.961500
20.780333
14.757667
19.211833
18.955000
21.066500
19.113500
22.487000
17.252500
23.095167
17.131333
216.029000
20.258833
17.320833
15.499667
17.403167
19.581000
17.861167
17.225167
18.734667
18.267200
20.924167
17.227167
19.901333
22.131333
19.058833
15.112167
18.392333
20.138667
19.460500
15.497833
17.632500
17.131333
17.631667
19.800833
18.984833
18.643333
176.528400
17.262333
20.734167
18.733833
19.172167
19.996000
20.083833
21.018833
18.639000
17.188333
19.465333
16.565667
18.749667
20.234667
17.942500
19.227167
21.044667
15.982167
20.851333
16.263167
16.564167
16.152667
17.677667
17.757833
17.913833
18.127167
15.498167
18.953833
23.574333
19.877500
15.501333
18.732500
17.963833
20.195000
20.186333
15.499500
16.331000
20.842333
21.042500
17.906667
16.746333
15.677167
18.949167
15.892833
17.436500
18.306667
14.535833
15.985500
19.002667
18.547333
18.548500
16.818400
16.171667
16.817000
16.752000
15.457167
18.168333
37.900167
19.990833
18.826167
15.502500
18.713833
17.162333
20.442833
19.594833
19.601167
16.463167
20.078167
16.487000
17.222667
17.069167
17.228167
17.964667
15.932667
18.854667
19.426500
14.816833
18.984667
20.561667
18.830500
15.015833
17.863167
17.638000
18.771333
17.281333
16.861667
19.079333
16.654000
18.637333
19.425667
22.104000
15.800167
18.958333
17.222333
18.364000
14.526000
20.762000
19.426167
15.592167
15.893167
15.311167
17.702667
19.332333
17.445000
19.251667
17.222667
22.303167
17.366167
21.470667
17.639000
19.220667
36.673167
17.825833
18.308167
20.900333
16.510167
19.013333
21.481833
17.361833
21.410333
16.087500
15.698667
17.420333
16.951667
18.639333
16.659667
18.923333
16.838333
20.686000
19.005667
22.413000
18.361833
19.387333
18.775833
22.750667
17.198000
18.628000
16.715833
18.827000
18.949000
15.410667
18.955667
16.569333
15.171000
17.039167
23.821500
16.527667
18.607167
17.061500
15.112333
15.983667
16.853667
20.438333
18.673500
16.888167
18.236667
17.188000
14.701000
17.906833
15.284167
15.538200
21.297000
17.611000
20.204333
18.737333
18.472667
18.735833
15.324833
16.752667
20.854500
19.990167
15.887833
18.100833
21.129500
23.155167
20.860333
18.383833
20.636333
15.287667
15.303000
17.303333
18.637167
17.756667
15.213167
19.013167
19.296333
19.375333
17.630500
18.604833
18.708000
19.114000
39.511833
16.070500
21.231167
17.318333
19.032500
15.932667
20.574000
522.665750
13.981667
16.074167
15.301833
16.652500
17.653167
17.222667
18.981000
15.302333
17.221833
15.499667
20.839667
20.052167
17.731667
19.040667
18.361333
17.470833
17.602667
18.175833
18.309333
19.885333
967.605667
18.025667
19.366333
18.733833
18.634000
20.915833
16.853667
19.278200
18.657333
17.066500
17.907333
15.722333
17.086500
16.848500
19.208667
19.257167
18.923333
15.306500
18.090167
18.922833
15.276500
16.656000
16.591333
15.599167
15.682167
17.591000
18.805333
39.510500
17.318500
17.323333
15.306167
18.639833
16.036333
17.227000
17.823167
15.280833
15.471000
21.274167
14.703833
19.829333
16.136667
20.179333
15.301833
16.838333
17.401000
21.895667
17.321500
16.653000
17.918833
17.320667
14.919667
20.357333
23.731833
17.019667
21.193000
20.159333
19.081833
16.173167
18.638833
19.077667
18.952167
17.852833
20.163167
16.078000
20.111833
15.944500
18.096000
19.258667
22.398667
18.762500
18.361500
36.931167
20.260333
17.222500
18.860667
17.062500
16.843000
15.688667
15.888167
16.856167
20.349167
18.428667
15.904500
18.825833
15.387167
17.221500
16.170000
17.632333
14.890333
17.215833
20.765333
19.012833
20.259833
18.761167
21.294167
18.642167
17.077667
21.443667
22.275667
18.354500
16.024833
16.655833
18.796667
18.568667
18.928000
18.113000
15.885333
15.410500
17.421333
18.878333
17.222333
17.223333
15.456000
22.334833
18.212167
15.888500
17.226667
15.888333
16.653667
16.658667
18.739500
19.115833
16.435167
18.143500
17.965500
19.405167
14.894000
16.432000
20.091333
464.363500
18.578000
17.650500
15.948667
22.264167
19.650500
15.988500
17.280167
15.615333
20.601833
15.478500
18.009667
19.313000
18.565833
17.227333
17.580500
17.226167
18.952833
18.169000
17.851667
20.071667
18.923000
25.036333
630.257250
20.768500
18.755333
16.240600
20.761667
19.166667
17.445500
15.889167
17.221000
22.103000
17.222000
17.326333
18.735333
18.461333
16.712667
19.235333
14.833000
17.221333
18.754667
20.817667
15.164000
15.233000
19.363167
19.143167
15.983167
22.272167
20.357000
18.291500
21.166667
17.702833
17.221167
19.984333
15.020667
21.076000
19.277833
19.216833
111.545600
16.516333
18.636500
16.816833
20.370000
17.468200
17.473667
22.269167
17.227333
17.922500
17.702333
18.825500
15.501667
20.753000
17.886333
16.567000
21.029833
17.196500
16.870333
17.438833
18.637667
18.830667
21.542500
19.004333
20.352667
18.386000
18.547333
15.301333
20.922000
15.365167
20.079333
20.959833
21.489333
19.649500
18.242167
15.301833
17.547000
22.659500
14.924833
18.826167
19.249333
18.455333
17.043500
18.976333
17.644333
20.913833
17.215667
18.371167
16.833333
19.025167
20.685333
17.409833
19.175000
19.648500
16.173667
18.213500
17.323333
21.062500
21.126000
20.923000
17.224000
18.914500
17.640667
18.641167
19.260500
18.520000
16.277500
15.153600
18.922333
19.196000
15.504167
14.574333
17.087333
16.647833
18.188000
18.541000
20.160000
16.642667
17.634333
18.194167
17.682833
16.853167
18.951333
17.222500
15.505333
16.656333
19.647500
18.639333
15.469500
16.621333
14.342000
18.300000
18.224833
18.829500
15.216333
21.261667
15.417000
20.174833
15.909167
21.097833
330.367250
18.640833
15.812167
15.420000
17.222667
15.785000
20.511167
17.443000
20.802333
18.231500
18.827000
18.932333
18.995167
16.492000
16.765667
19.741667
19.847333
17.937667
21.103000
15.500833
16.954667
17.704500
16.505333
18.775000
19.976333
15.306833
15.504167
17.146167
16.317167
14.701500
15.500000
15.984833
17.320000
16.570833
20.351833
18.760500
18.128333
18.383333
20.352500
17.280500
18.950500
18.556667
16.174333
18.774333
17.068000
20.861667
16.119833
17.108667
18.814500
18.777667
18.942167
18.637167
17.614667
16.798833
21.310000
18.636667
15.982667
18.917667
16.122167
18.762500
19.092500
18.358833
20.654500
16.075000
39.699167
17.638500
19.005333
18.152333
18.797000
15.381667
19.703167
17.652333
16.178333
17.639167
22.001500
20.536833
18.486333
19.073333
17.619167
19.016167
19.176000
15.884833
18.693500
18.110500
17.632333
16.509833
18.656333
18.824000
19.228600
15.936500
14.581500
19.390500
17.221333
17.220000
15.411833
16.801333
20.209167
17.562333
19.801500
17.708833
17.548833
15.502333
17.348833
18.739833
17.842000
15.292333
19.258167
15.794833
15.505000
18.735167
21.029667
18.591167
15.399667
18.974000
18.587833
20.338667
17.704500
19.137833
163.750800
17.091500
21.119333
19.058333
17.438167
16.835167
16.530667
17.726333
18.682333
15.692400
18.208667
15.987333
18.647833
37.459167
17.600833
15.191333
16.073500
18.638833
17.064167
17.223167
18.641833
18.347833
17.048833
16.191500
18.234800
18.095833
17.913167
15.754667
15.306167
18.399833
19.630333
17.136500
18.845333
16.876667
22.143333
18.829667
21.553500
15.417167
18.827000
18.992000
19.268667
17.223000
18.659167
16.849833
18.253333
19.571400
17.278333
18.239000
16.653833
15.956667
18.949000
16.531333
17.222500
16.207500
15.940167
16.830333
18.640833
547.394750
16.073833
18.254333
19.014667
18.684500
18.330167
17.014833
16.564833
19.835833
22.266333
15.795000
15.984167
22.063800
15.211500
191.434600
14.964000
18.950167
17.321500
19.253667
17.963000
19.050167
15.732500
16.074833
21.344500
17.438167
16.179667
22.304000
15.499333
17.255500
18.811333
16.663167
18.848833
14.118667
15.419167
16.655667
16.654167
20.084500
16.964500
21.161000
18.999500
1729.220000
14.722500
17.318500
15.596167
18.366833
19.021833
19.930833
16.362000
16.073500
16.654333
17.649000
20.565333
18.851500
15.386667
19.779667
17.654167
19.833167
20.857833
15.327000
17.221833
17.426500
16.564667
17.134500
18.945167
15.500500
20.448167
20.313000
14.104833
16.757000
23.175500
17.019833
18.351000
15.743167
16.132667
14.913167
18.896667
15.424333
21.124200
16.322167
18.365667
18.763500
18.252000
18.570000
18.366000
18.525667
17.017333
17.221833
18.637667
17.760333
17.224167
18.435667
17.761167
19.282833
19.014500
17.222833
17.131667
18.822000
19.015000
19.048333
18.658167
22.832333
17.581167
16.854167
15.099333
17.468500
15.401667
18.942500
19.031667
17.619333
19.209833
16.918000
16.646833
15.597833
21.875167
17.283000
17.222000
15.732500
18.924500
15.716667
15.409167
14.828833
20.599833
19.373167
20.768833
17.651833
18.851833
19.014333
22.095333
16.236167
15.301167
21.211667
17.503167
18.860667
15.983333
17.293000
18.638833
16.467667
18.734500
15.925000
21.167333
16.752833
18.929500
15.746667
18.638167
18.325833
17.223000
18.548333
20.257833
17.455167
20.158000
19.180500
16.722333
17.508333
17.130500
19.258000
17.318667
17.410333
16.968600
20.532000
18.785167
24.649167
17.222000
18.636333
18.545000
16.711667
18.147833
19.309000
17.320000
18.209167
17.364500
15.300833
18.630667
16.852667
19.058500
16.963833
15.717167
18.812667
20.681333
1148.740333
16.618167
16.509667
18.635167
17.552200
18.727000
18.557000
17.636500
18.825833
17.819667
17.087333
14.629167
20.364000
20.825000
18.633833
14.959333
19.457500
18.446167
20.402333
20.764167
20.467333
19.212333
16.513500
15.117333
16.870333
20.755500
19.165167
16.863500
17.279667
19.367000
19.790667
18.780833
17.652167
18.812333
19.415000
17.508833
21.638000
14.703000
19.381000
17.221000
18.381833
16.847000
18.321667
18.266500
18.139667
17.180000
15.499333
16.251833
16.172667
20.458333
15.396000
17.222667
18.973167
22.280000
17.192167
15.974000
326.390500
20.593333
18.576333
16.752500
20.794200
15.600500
17.212000
17.595333
19.708667
22.527333
15.689333
16.261000
17.220167
19.196000
20.711667
19.258333
17.221500
20.175333
15.753167
15.304167
15.719833
17.648833
17.424667
17.120667
17.134333
20.566500
18.430167
16.085667
20.630167
18.974667
18.757000
18.360500
15.555500
15.699167
16.721333
18.533667
18.441833
17.681667
17.827333
16.216500
16.940333
16.399667
17.131167
19.988333
16.072833
20.067500
16.278000
21.392500
15.795167
18.775000
19.052000
16.080167
19.322500
17.410167
18.481333
20.948167
17.428500
20.463000
18.255000
17.259167
19.303333
20.265000
17.130333
20.725000
19.458000
17.217333
17.321333
18.417333
22.489000
18.951000
16.756167
21.255333
15.419167
18.298800
17.548333
17.047833
19.754333
21.018167
15.113167
18.636667
20.753500
18.374667
18.603667
15.301167
20.920500
18.018167
17.221000
19.635667
20.545333
17.019000
18.641333
19.210667
17.836333
18.348167
16.841167
17.419833
16.036833
16.658000
18.850500
16.857833
493.682500
18.350000
20.436500
15.458000
16.305500
16.864000
17.653333
18.830500
18.825833
17.227500
18.361167
18.259667
18.338000
17.962500
19.212500
16.743167
17.227667
14.538000
20.373667
17.074167
15.326500
17.318667
20.445833
17.881000
18.637167
15.116833
17.442667
21.396000
17.625167
18.921167
14.352500
15.403833
18.193500
19.974000
14.881167
19.052000
18.853167
15.301000
19.311833
15.410333
19.637667
19.390167
16.513667
18.922000
21.399500
18.978667
18.390800
16.263333
17.508333
18.642000
18.550500
16.562667
18.987500
17.221333
18.738833
16.511333
17.131833
18.718667
16.544500
14.722833
16.949167
16.267333
17.967000
514.854000
18.737333
18.363500
19.113833
19.704833
16.652500
16.436167
19.003167
15.925000
17.772333
22.272167
536.638250
21.645000
16.479500
18.641667
15.110167
16.073333
16.436500
15.891400
15.886167
18.951833
19.185500
15.799667
17.318167
16.934667
18.081000
19.277667
18.108167
20.175167
20.458167
17.225000
15.899833
20.730333
16.100500
16.719000
18.501000
17.319000
20.708000
19.763833
20.072000
17.221667
17.835333
16.659667
13.917000
18.425000
20.325667
21.531167
17.673667
19.024667
15.215000
16.751000
16.483167
18.635167
19.163500
18.896167
18.832833
16.394833
18.750833
19.662000
17.820500
21.022000
17.222833
16.274500
17.201667
17.770333
18.826167
20.478333
17.135667
15.301333
21.227667
18.983833
18.092333
20.792333
37.931167
14.913667
16.874667
17.638833
19.256667
14.463500
16.073667
18.950167
21.296000
16.944500
17.228333
17.190833
19.060333
16.765333
15.501000
17.222500
18.577167
16.751500
19.133667
17.223833
18.644167
15.983167
268.439800
21.365500
19.169000
18.657167
19.374333
16.329667
18.101833
15.797833
15.502333
18.945500
18.818333
18.598167
20.727167
18.762833
17.274500
20.681333
18.754333
15.209833
18.826000
17.674000
18.925667
18.923833
15.502000
18.636167
17.203500
17.275000
19.283833
19.170500
20.752333
18.620333
15.502000
15.410000
15.301000
17.070333
18.733167
22.344167
16.804333
18.689667
19.236667
19.985833
18.637833
22.248200
15.715667
19.657600
248.436400
18.343000
15.501167
21.706500
14.831000
18.132000
18.224500
40.829600
19.255667
18.786500
23.871667
20.362167
19.014167
17.532333
16.354000
19.363333
120.153000
15.218333
17.225667
15.301167
16.852333
14.899167
16.654667
14.931500
15.344667
17.132167
18.975000
16.612333
17.415167
15.697750
14.742833
17.320833
17.221500
14.518333
20.727167
19.048000
17.909167
19.014167
17.220667
22.895500
19.559167
14.892167
15.301333
17.958833
17.223000
15.699667
18.362833
18.355667
16.267000
18.733333
15.233500
22.318667
17.014500
20.994167
19.544667
18.159167
18.637667
15.504000
17.325500
15.719333
20.445667
21.296333
19.898833
18.256167
16.451000
20.924167
16.563667
39.121667
17.225833
17.394000
16.817167
16.537333
18.735333
17.735667
20.718167
16.650167
59.507400
19.990333
14.889833
18.306000
22.185833
17.654333
22.272500
19.574167
16.869833
20.068167
20.013167
17.361667
14.723000
15.311833
19.019167
21.512833
22.508667
15.107000
20.154333
17.097167
19.121167
18.604833
18.472000
17.410333
39.310833
19.501833
18.371500
17.810667
20.539667
18.673833
15.491167
19.990167
18.196167
18.825333
19.648333
16.656333
21.515500
21.912500
17.959000
17.507000
17.302167
15.736167
21.302800
20.726667
20.204000
18.823667
17.245167
16.276000
15.597667
21.275500
20.350000
14.822333
16.655500
15.558000
15.397667
15.851333
17.634500
16.200667
17.905000
17.837000
16.083833
20.146333
23.829333
19.861500
15.731833
17.040667
18.359167
16.454500
18.922500
21.297333
15.961833
18.854167
20.968333
20.427667
16.757667
15.017667
18.734833
16.651000
18.825833
15.560333
15.795000
18.704333
18.403833
14.535333
16.420500
14.754167
18.160500
15.933500
19.270833
18.382000
17.398167
19.259333
22.273167
17.632167
18.859500
19.986500
18.256167
38.475500
15.300000
19.316000
18.356500
17.224000
19.139000
17.318833
18.923167
20.155333
15.764167
17.703167
16.577333
22.301333
18.982667
19.818833
18.679000
17.734333
21.023667
19.213000
16.135500
19.047167
17.203000
17.752200
21.607333
15.133500
17.035500
15.716000
21.274500
21.322333
17.169500
14.829500
15.639000
21.722167
15.984000
18.590000
18.586167
15.508000
15.397500
16.134333
19.216333
19.426667
16.078833
16.169667
16.079000
19.111667
17.251833
16.073000
17.758500
17.829500
18.952833
17.919333
18.361167
19.207500
16.318333
17.108833
19.174167
18.639500
18.825500
18.832500
19.881167
21.201333
15.164500
15.322500
18.104833
16.842000
17.221833
18.965000
20.347000
15.480667
18.734333
17.639833
20.450167
17.638167
15.608667
19.025833
18.637167
18.252167
17.619167
16.237667
16.856167
15.892333
15.884500
15.933333
19.066500
18.570833
18.945167
16.654833
20.537167
15.500667
18.098000
18.949500
23.455833
17.669833
20.674000
16.120500
16.656333
17.942167
16.642833
15.600667
17.476500
17.221000
19.014000
14.906667
19.792333
19.015167
17.656500
18.949500
17.131833
16.682500
17.906000
22.800167
17.963833
1113.318333
18.433833
17.964167
16.073500
19.666833
17.037000
15.275000
20.322833
15.211167
225.299400
20.333667
17.421000
19.209667
18.836000
16.171833
21.488500
18.829000
19.647500
21.529500
16.929667
17.427500
18.339667
15.507333
15.596333
15.886667
18.377333
16.653333
19.680167
17.688333
20.204000
17.087333
16.753500
18.450833
17.616167
17.527000
17.163333
22.173667
18.788500
17.131167
17.225667
16.852333
17.862000
17.452000
15.117667
18.951167
18.889833
19.266833
15.899333
15.277167
13.537667
15.105000
18.742000
17.227167
18.740667
20.686000
16.755833
21.225333
16.855667
17.056167
20.781333
22.303500
15.300500
18.905000
17.821333
20.402333
16.653167
13.919000
22.479000
15.539667
22.396333
14.634000
19.451667
21.899833
20.398833
19.093667
15.699167
15.216333
18.366833
18.736000
18.637167
17.703167
15.300000
20.989833
15.596333
17.638333
19.129667
18.270667
17.135500
18.064667
22.991167
17.560167
17.828833
19.211500
15.658833
15.329333
16.327000
15.795333
20.477167
17.219833
15.587833
17.411667
15.501500
17.964500
15.003333
18.156833
15.498500
15.341500
18.205000
14.908000
18.546667
17.466500
15.390667
16.476667
20.924000
17.634833
18.858333
20.358167
17.705833
19.406833
172.925800
16.073500
17.607333
19.999500
15.168333
16.073667
18.923000
17.068333
17.421500
18.986667
20.296833
21.244167
16.833333
17.567833
16.506167
18.013167
19.664333
16.273833
19.254167
15.095333
17.640500
15.605167
19.805667
19.862000
15.458667
17.524000
16.274000
15.716167
16.640167
16.868500
18.232500
14.664833
18.825500
19.258500
15.796500
21.553333
18.942667
18.551333
16.848667
20.924500
15.598000
18.552167
22.096600
19.852500
18.811833
18.364833
16.751833
19.696167
19.603667
17.344833
17.533167
19.250000
18.033833
15.397500
18.386500
15.471667
19.075833
18.366833
19.540667
15.105000
16.867167
16.452333
15.306333
16.853167
17.676500
15.676833
18.828500
18.571833
15.886833
457.294750
39.137667
17.642000
16.525500
15.786500
15.630667
17.752500
21.298667
18.978333
36.762167
18.949833
15.505167
18.858500
16.578333
18.638333
18.345333
19.648333
17.420500
20.561167
19.014333
18.578333
16.097000
17.222000
17.221167
19.278167
17.057833
15.272500
17.320333
21.030500
23.843167
609.334500
15.315500
16.434000
15.502500
14.716500
18.735000
15.276833
17.130333
18.825333
20.987167
17.218167
23.857167
18.954167
19.990833
18.357000
16.325000
17.077000
19.674167
15.500500
18.101000
20.446833
18.816667
21.296167
20.685667
19.970500
17.205000
15.505667
17.646500
20.431333
16.833667
20.541000
16.100667
19.674167
15.741833
16.766500
18.826667
17.409833
16.465500
15.270000
22.306667
15.599833
17.422833
15.492500
17.860333
20.256333
18.828667
15.472000
15.405667
21.252333
16.948167
15.968333
18.643333
18.347500
18.192167
18.829833
20.747167
21.469500
18.686000
15.500667
16.656167
18.516333
17.312500
16.987333
18.360833
14.944833
19.666333
17.074500
424.696000
17.131833
17.221500
16.361667
18.450333
15.949500
1144.598000
16.510167
19.085333
17.222167
272.514800
18.015000
19.064667
21.469333
18.703500
16.253667
19.142333
21.170833
16.653000
19.138000
17.591000
20.922167
18.734667
15.103833
17.437667
18.192333
19.459167
18.793000
17.923667
19.360667
20.541667
18.405000
18.360000
17.638833
18.923833
19.249000
14.604333
18.367833
18.817000
15.399833
19.338000
18.733167
36.762333
15.926000
18.636000
17.323833
15.700000
19.803500
17.635667
18.975167
2071.951500
18.226667
17.319167
20.159500
16.079667
18.825667
15.425500
16.088000
15.414500
17.221500
17.974333
17.224167
19.200333
19.236000
19.096333
18.828833
18.334167
17.536000
20.925000
17.636833
18.835833
14.449833
17.568333
15.982833
23.457833
20.760167
19.442000
18.350000
14.521667
17.731500
17.861000
16.753167
15.085167
23.265333
17.907667
20.243833
20.467833
22.385333
16.074000
16.611333
21.051833
18.361333
14.764667
18.955667
16.235667
18.577667
16.273833
20.159000
18.738833
15.602667
15.471167
16.799833
20.549167
18.949667
16.132167
19.054833
18.828167
18.025667
17.328333
19.014333
15.250167
20.073833
41.683833
15.300667
19.107667
15.301667
18.370500
16.072500
18.076000
22.667000
17.356833
15.521333
15.499833
21.814667
14.890833
18.276333
18.799833
17.220833
16.649167
17.871000
17.740333
21.135000
885.611333
19.741833
599.228000
21.646167
16.656667
17.640833
20.727833
15.432167
18.187000
21.635833
15.382333
17.134667
18.304167
18.806000
20.956167
18.951500
17.677333
16.811167
15.597000
20.299167
20.096667
17.957333
16.596500
21.471500
17.443333
15.210000
19.044500
17.161167
16.272000
18.733500
17.960333
15.075333
18.250667
17.707167
18.353667
21.027333
16.752333
14.890667
17.659833
16.958167
17.150000
17.318167
18.198833
17.738667
21.352167
18.102167
19.209833
17.317333
15.304167
180.056800
15.400333
18.723667
21.832333
20.544167
17.225333
17.221500
18.096333
16.872833
19.732833
22.808667
16.871167
22.300500
16.077500
16.032000
16.074000
39.125667
17.958167
16.547333
16.874500
16.289500
21.469000
18.924167
17.225667
16.656333
799.319667
18.360833
17.132000
18.825500
18.640167
16.265500
16.951500
17.909333
17.321167
15.885167
17.317833
15.502000
19.089000
21.460333
17.076667
15.982500
17.653000
18.258500
17.802000
15.409167
16.907833
17.561667
19.637833
16.174833
18.071500
16.792333
20.369333
20.283167
334.119500
15.373333
18.054333
17.244500
17.222167
19.164667
14.544833
18.515000
15.571667
16.366500
15.020167
18.826667
968.743667
19.886833
15.396667
18.925167
18.398167
18.831833
20.584000
20.405000
18.366500
508.516500
16.081000
17.398167
17.640667
16.468167
17.721333
18.896333
15.365500
18.142833
18.306000
20.669667
18.775500
15.876500
18.639500
17.641667
16.654000
18.356167
18.825000
19.210667
22.183833
17.822167
18.809333
16.751667
17.799333
15.501000
18.354333
18.636000
15.398500
16.074333
16.345167
17.717667
15.688500
18.636667
20.083833
20.371167
16.046833
15.500500
16.325833
21.296500
19.218500
17.221167
14.898500
14.560000
18.159167
19.988500
17.195333
15.954000
18.627833
17.646333
14.345500
17.709833
17.074833
18.740167
16.222000
18.852000
16.613333
16.552000
16.074667
17.963667
18.980333
21.883833
16.672167
18.225167
18.531500
19.765500
18.317333
18.159833
20.477667
18.168667
14.727000
15.302167
18.620500
16.563500
16.653167
16.411667
19.025333
14.701333
19.083333
14.445167
17.133833
18.362833
17.220667
16.662833
17.129667
17.955167
20.762667
20.251333
21.135000
794.002667
18.565500
17.702833
17.318667
18.170667
445.191750
19.675333
15.406000
21.397000
18.516333
18.644167
16.075000
21.298000
19.742000
18.641667
17.225667
17.476167
17.506833
16.852500
21.022000
17.388500
15.299500
17.965333
18.910500
18.359667
18.734333
18.211333
18.325667
19.361500
20.618167
17.096500
16.075667
18.361500
17.220500
22.231000
15.786667
17.221333
19.650833
15.852000
19.734000
19.061833
16.283000
18.285667
15.410500
19.438000
16.654333
18.545500
14.286800
17.545333
17.225167
18.573500
22.304667
19.333333
18.636500
17.760167
18.360333
16.116167
20.717333
19.013500
21.351667
15.396833
19.746833
17.932600
15.301333
17.221667
21.751833
18.855833
22.086167
16.843333
21.400833
16.142667
18.762833
19.057000
15.884167
15.413500
15.398500
14.722833
18.586333
19.497333
19.363333
16.515000
21.130500
16.752333
18.666500
19.407167
19.853833
18.664167
16.794833
20.460500
19.056500
22.202000
16.105000
17.653167
16.483167
15.921333
16.553333
18.996500
20.331833
20.615667
16.647167
18.586333
18.761167
17.420833
18.786167
18.950833
17.189833
19.797600
18.943000
18.190000
14.703833
15.885333
18.823333
17.222833
20.569500
16.178500
23.856333
19.597333
17.676600
18.637667
16.083167
18.387167
18.709000
15.117667
18.827167
21.746833
21.127167
18.960500
16.512167
15.735833
17.963167
16.474667
18.350667
18.361000
16.869833
15.460333
18.814000
18.804667
16.362333
16.074667
15.597667
20.374500
19.015000
17.653167
18.949833
19.949667
15.795667
17.863500
19.465000
15.533500
15.043167
18.810167
16.085667
18.619000
17.964167
19.713000
15.108000
18.169500
18.614500
15.305667
15.420000
17.309667
19.060167
16.637333
18.251833
17.764000
36.765833
19.452833
16.037000
18.271000
18.346833
17.074000
15.684167
20.636000
15.210667
16.174000
16.084333
22.185333
20.316000
16.640667
17.160167
21.494167
18.739833
18.778500
15.699000
15.788833
16.499667
15.682500
23.255600
110.035600
15.888000
18.252500
17.036000
17.075167
18.975833
15.614833
15.436000
16.077000
22.314800
21.010167
15.689333
19.173500
20.567833
19.667500
18.754500
17.223667
16.054000
16.105333
17.077667
20.409667
15.598667
18.975000
17.653000
18.923833
18.944500
14.905833
16.073500
16.075500
17.760333
16.119800
18.078667
37.936167
15.097500
644.144750
18.830667
19.046333
15.595333
17.784000
20.692167
15.304500
20.072667
18.752500
19.688167
18.332000
15.744500
18.248500
15.652667
20.098833
16.656167
17.221167
19.231500
19.592500
17.227167
17.074333
19.328800
19.024333
21.468833
16.272000
21.365833
19.150333
17.874000
15.165667
17.481000
15.420333
19.809833
17.222167
21.835167
16.073000
16.918500
20.984000
16.840667
21.127500
16.636667
15.397333
17.074500
21.593500
18.349833
19.780667
15.914667
23.073167
19.063000
18.974667
18.077500
21.873000
17.222333
18.379333
17.162667
23.073833
17.224000
18.347000
18.166833
18.974667
18.367500
19.042667
17.949667
18.021167
16.307167
20.692667
20.558000
19.278667
16.610000
15.502167
18.099333
18.954167
15.742667
15.597000
16.654833
18.951000
15.011167
20.568833
18.386333
15.589333
17.604667
19.201667
20.449667
15.885000
15.275833
20.073167
20.439167
19.212833
17.131000
17.956500
19.119167
14.711833
19.256000
18.595667
19.477500
16.653333
433.667250
17.503500
19.255333
21.514167
17.025667
17.960833
19.473167
19.709500
19.900500
16.073167
15.609833
17.367333
19.457833
18.639500
16.309167
15.016167
17.206167
15.598833
18.982000
18.026833
16.654833
19.014667
18.899000
16.555500
18.770000
18.364333
18.195000
21.351500
17.911667
18.922667
779.685000
18.253667
19.441333
16.853167
15.500167
21.724667
21.224500
20.854667
19.997167
16.985333
15.598000
14.143500
17.221167
21.273667
17.221833
16.612833
18.365500
17.860833
19.377500
19.025167
18.231333
18.637833
18.546167
18.725500
20.451333
17.326500
16.100667
19.016167
17.221167
18.661667
20.856833
15.501333
15.211500
23.300833
16.852333
17.863667
22.459500
18.654667
18.252167
16.072667
19.644333
18.923000
21.728833
18.402833
20.097167
16.939333
21.458833
17.265667
19.637000
22.519167
19.000000
18.994333
20.939000
18.949833
19.641333
15.986500
19.630500
258.805400
15.308000
21.412167
1202.008000
19.108833
23.447333
17.925167
15.409500
15.500667
19.111500
21.297833
18.349167
19.257167
18.325667
18.348500
18.923667
20.457167
18.734000
16.624667
18.362333
19.702333
15.504167
18.735167
18.345500
17.279333
18.773667
15.983000
19.257500
25.825500
15.895333
18.848500
18.150833
17.390667
15.428500
18.923833
18.662500
18.809500
15.498833
18.949833
17.675000
17.411500
20.440000
20.156000
15.828167
16.170333
18.358333
19.797667
19.254833
18.735833
18.196833
17.416667
15.306167
18.365667
16.844500
17.405667
14.756833
14.840167
18.251667
19.708333
15.589333
17.222667
17.966000
15.410333
18.850333
18.637000
18.553500
15.752000
15.504000
20.068000
19.655833
18.950833
15.400833
18.660667
18.658667
18.643333
18.160667
19.212167
18.504833
18.949167
18.266200
256.086000
20.872667
15.747833
19.639667
23.614333
20.447333
20.481167
16.654500
18.656833
17.438333
18.639500
18.948000
16.346167
16.860833
20.223500
19.109667
18.951833
14.644333
16.072833
20.179667
15.935667
20.331167
18.712167
23.124600
15.401333
20.398667
25.079800
14.707167
19.669833
17.075333
20.921833
17.227667
16.658167
16.656167
15.386500
19.344833
17.826333
17.228500
18.740500
17.277167
17.798833
15.503000
18.254000
17.936500
18.636000
16.654500
17.049167
23.519600
20.536500
20.827333
21.801333
19.090167
18.765833
18.157500
17.220500
15.596667
20.391167
18.362167
16.361833
20.051000
18.362167
19.971333
15.958500
22.285667
23.939000
19.731400
19.442167
18.231667
21.296000
20.906333
18.972333
18.569667
20.364333
17.851667
20.208500
17.220833
18.224000
21.108833
21.356500
17.226667
20.538667
19.396000
18.469000
18.987333
18.391500
18.950333
16.653167
18.250833
15.630667
19.630167
19.273833
17.229000
17.969167
18.645500
17.134667
23.650333
19.042333
18.362167
17.223000
17.226667
18.366000
18.565000
14.924167
16.049500
16.087167
20.580167
17.223333
21.296667
20.394333
17.542500
17.318667
16.565000
42.479400
21.210500
17.223167
16.127333
17.638500
17.224000
19.977167
15.889333
16.073667
17.638333
17.207000
14.373833
22.895167
17.412833
18.576833
19.442333
39.499000
17.220167
19.375333
15.210833
20.535333
17.055000
16.073667
21.938833
18.251167
939.411333
18.829500
18.435667
17.637333
16.752500
18.647000
17.013667
16.572167
17.703167
15.292000
14.117000
16.075667
15.258500
18.826333
16.136167
16.407000
15.595200
20.189167
19.057667
19.042833
14.928167
18.978333
21.084167
15.886000
18.826333
19.254833
21.310000
18.975500
18.623500
20.936333
19.555167
19.080167
20.117667
20.195833
18.949833
15.984167
16.849667
16.840333
19.288833
18.385333
15.714333
16.425167
23.950667
18.969500
15.672167
21.296167
16.852833
16.621333
15.595500
21.810000
19.118667
20.955667
16.251833
18.805000
18.545833
20.462333
19.089500
20.788667
18.361500
15.460167
23.930167
19.185667
18.251500
20.678167
18.465667
20.275500
16.549667
16.175000
22.374833
20.215333
18.172000
17.174000
18.364833
15.795000
18.379667
15.717500
16.464667
16.489500
18.734333
20.994333
18.569000
18.825833
16.136833
16.321000
19.059500
19.249500
17.549000
19.197200
17.023333
20.916500
15.109500
18.347333
19.125500
18.826167
18.830833
14.716333
144.977200
18.298667
18.175167
19.008000
18.928167
18.637000
17.047000
19.181833
18.722333
15.556833
16.569333
19.429333
16.999167
18.734000
17.814167
16.031333
20.011333
21.916333
18.943000
17.226333
18.634833
18.772833
15.405167
18.262000
18.646167
18.922667
18.327000
22.275500
15.276500
15.301167
18.197667
18.658333
17.268000
18.851667
22.180833
18.915667
18.619167
18.521400
20.096667
17.703167
20.025333
17.167833
15.500333
16.070167
17.222167
20.103167
18.706333
15.685333
21.357600
19.028000
17.688800
19.111500
20.458333
15.500500
20.539833
16.485667
18.362167
18.950333
17.109167
15.309167
17.638000
17.132667
18.251000
18.975667
16.943500
20.920833
17.223500
14.770500
18.185500
18.735000
14.892500
19.539500
17.735167
19.120500
20.803000
20.722167
18.924500
15.413500
23.074167
18.570167
17.851167
15.941500
19.413333
19.860500
18.348833
18.381500
19.810500
16.006000
16.464833
21.100333
17.223667
19.035833
18.519500
16.482000
16.656167
392.017000
23.861000
18.922167
18.827167
19.695167
17.640833
20.634500
17.520000
17.470000
20.073000
19.043167
17.514500
19.057167
18.764500
18.192000
19.041333
18.010833
20.927333
20.413000
19.287833
20.445167
18.839833
17.222333
14.314833
17.223167
19.980000
18.551667
16.173000
21.215000
18.565333
17.220167
19.040500
20.468167
18.495000
19.745833
16.235000
19.711000
18.737667
20.921167
15.275833
20.302333
20.829667
16.267167
20.732333
14.708333
451.936750
17.619667
22.271833
18.641333
18.104500
19.234333
15.409167
17.504333
15.960167
21.540833
18.498667
16.047333
17.174167
19.069167
15.388167
22.705333
19.112167
18.999333
18.349333
18.194333
18.675833
17.674833
22.182333
16.572333
14.760333
17.820833
18.955667
18.216167
15.087333
19.014667
18.831500
17.206000
19.705333
16.122667
18.231833
18.827500
17.802667
16.782833
16.075500
18.826833
19.045500
17.329167
16.803500
15.420667
19.882000
17.077333
15.700000
20.441500
17.830000
22.185833
18.954333
20.382833
17.064000
16.510833
19.023667
15.689500
17.221333
20.209333
16.655500
16.842333
18.223833
19.018333
16.569833
15.496500
19.811000
16.566833
17.320500
17.320333
16.650333
15.499167
18.537167
22.590600
15.499167
22.272667
557.617000
18.733667
19.084167
18.825500
18.953833
15.101000
18.423167
17.030667
17.089500
18.829667
23.723667
20.581000
15.954667
18.954667
15.463500
19.781667
21.559333
18.732833
22.109000
17.494600
21.429667
18.396500
20.829667
17.639833
18.734333
20.513333
17.078667
18.554667
16.513500
15.471167
16.084333
18.364167
21.205500
17.228000
15.501000
15.656000
17.960500
15.301500
18.828667
17.653000
15.428500
18.135333
19.416667
20.557500
19.921833
18.421167
16.661500
17.959500
19.016333
18.995167
22.302333
19.359000
18.186500
18.180500
20.452000
17.781333
22.400500
19.280000
15.113000
18.366500
16.697000
18.835000
17.221833
20.620667
20.365667
16.611833
18.872333
18.990833
18.385000
18.826667
20.027167
15.556333
21.546167
24.012833
18.495667
17.567500
15.216000
15.505167
19.057500
22.299333
14.890167
15.871833
15.499833
17.516833
19.031500
598.723750
20.713667
15.500500
17.398333
15.300167
15.502000
18.315667
15.886333
19.072167
18.973333
19.013667
18.734167
17.323500
20.665333
15.651333
15.698167
17.288833
16.754000
15.490333
19.782000
20.686500
20.990500
18.763000
15.501667
16.266000
14.126000
20.467000
16.263667
18.049500
16.525167
17.719833
19.385833
22.272833
18.834667
19.494167
14.910333
16.174500
17.713167
18.167333
16.379000
17.413000
22.507833
17.254000
15.500667
20.003833
16.171833
41.531167
16.093500
19.254500
19.120833
19.209667
22.711833
15.450833
18.053167
21.194500
16.475667
15.614333
17.822667
18.848833
20.692500
19.014333
17.221833
19.211333
16.849167
18.872667
19.951667
17.132333
14.702333
17.639000
19.711500
18.364500
18.104000
16.837000
16.057167
15.397167
18.670167
16.571000
15.675333
16.645500
17.511500
18.952667
17.312167
16.736167
16.041000
17.319333
18.775667
18.391333
17.661500
15.602667
20.096167
16.744667
18.240333
20.412167
17.047333
19.832833
17.247167
15.287000
18.116500
16.554000
17.590167
19.288167
15.173000
17.636667
17.224500
20.318667
18.981833
18.985667
21.176667
17.505000
19.141333
15.316500
18.782000
18.657500
20.911667
18.900333
18.548667
18.360833
18.921500
18.360667
17.638833
18.565833
19.208333
19.209833
19.211000
19.800500
15.012167
19.552000
16.677167
20.600167
16.073167
19.018500
17.223000
20.271000
18.827167
16.076667
19.809333
17.140167
16.178500
15.211333
22.274167
38.523000
18.827167
15.792500
15.298667
18.637833
20.537000
18.828167
20.203667
218.832600
17.228333
17.207167
15.933167
20.539500
19.260667
17.706000
18.945333
19.458000
15.994833
19.980333
20.314333
19.014500
19.164500
15.268333
14.899167
20.159167
18.982833
18.934500
18.944833
17.214500
16.652833
20.799667
18.357000
18.251833
21.488833
15.596833
18.637167
14.831333
20.537000
18.042167
15.698667
17.133667
16.466667
18.825500
15.597667
20.848167
18.348667
17.751500
16.293167
19.093833
18.387833
18.948167
22.055000
19.783167
19.211000
18.598667
19.594500
18.676333
20.374667
17.600600
17.074500
16.931333
16.563833
15.974500
16.216000
15.886333
18.945500
20.200833
19.237000
18.834500
20.505833
16.073167
18.741000
18.452333
17.229333
20.377000
15.500333
17.399333
18.666000
19.246200
19.011000
91.303800
19.308667
20.275500
28.380000
19.262667
18.547833
15.962667
18.225500
18.637167
19.068833
17.344833
16.172000
21.297000
19.040333
21.488833
18.824500
15.885167
19.237000
23.088000
15.888667
15.846333
17.510500
17.623333
16.963667
17.272000
17.353667
18.341167
18.470167
22.913333
18.826500
14.973333
17.420333
15.499833
15.935333
20.486167
18.638000
18.815667
18.385667
18.845500
15.500167
21.120167
17.153167
18.636167
18.570833
22.199167
16.321000
16.065667
18.944167
18.355167
17.222667
20.298000
15.304000
18.845833
17.131333
19.277833
16.076000
17.336000
18.079833
16.656667
21.060167
15.982833
14.890333
17.703333
18.782167
18.972833
16.076333
14.895000
39.897833
19.833000
16.073167
16.751000
15.302000
17.376000
17.764167
20.574500
18.757667
17.221333
17.421500
20.591833
17.410500
15.598000
18.637000
15.474167
16.507833
20.393000
17.764333
17.226667
17.319833
15.596500
16.610000
19.145833
19.638500
16.834333
39.312000
16.170833
17.215167
18.944000
16.109167
163.760000
20.233333
20.558667
19.786167
17.228333
18.826167
17.626333
14.882833
19.740667
18.639500
17.907500
18.494000
20.154000
18.227000
19.436333
14.890833
15.650000
16.169167
17.222000
184.637800
17.421667
16.626167
15.613667
16.191167
15.459750
16.653833
15.568333
17.357500
16.532667
18.636667
18.825000
21.128833
17.220833
17.855333
17.097833
15.083500
18.764000
18.636500
18.382000
16.639333
15.599667
17.272833
18.564833
44.579000
21.716200
17.276667
19.211833
17.620333
16.655833
18.359000
15.427667
22.147000
15.415167
18.824667
15.931500
14.828833
17.227667
16.037833
19.268333
14.977667
15.885000
19.409500
17.280333
15.303000
15.038000
22.305000
15.824333
15.560167
17.221667
20.439500
16.655000
15.837667
17.356333
20.159833
15.305000
20.180667
16.536500
18.827667
21.297167
16.753167
18.827500
21.947667
15.240667
19.230500
15.375667
17.221667
19.794167
19.159000
20.912000
16.288500
22.911167
21.426500
15.105167
17.633833
16.752167
15.441667
19.015167
17.221333
18.500833
17.319000
18.826000
16.813333
21.315500
19.163167
17.134167
21.140667
19.164667
20.181667
17.679667
17.132167
16.675333
17.223833
18.674500
20.559167
18.360833
15.284333
17.629667
17.675000
17.090667
18.932500
20.613833
19.455500
19.448333
17.224333
16.845667
15.399833
19.573333
17.324833
20.184500
15.686667
15.146833
18.826667
20.159000
18.929000
18.146833
21.573167
15.600000
15.500333
16.629500
18.825833
17.220667
20.350333
16.076833
20.791167
17.419333
15.599833
18.957000
19.692833
18.503000
17.222333
16.171167
18.950333
16.714333
16.484500
16.153833
18.748833
20.641667
18.055000
15.988667
16.509333
17.074000
18.520500
23.484667
20.350000
14.574833
15.886500
18.366667
15.913500
18.831667
17.626667
18.362833
16.131500
17.171833
21.327000
17.019667
21.266667
20.833500
15.781667
19.629000
15.939333
21.330333
17.642000
16.330333
15.500333
20.646000
17.074833
17.641667
18.640167
16.653167
15.889500
18.642667
20.534333
17.771333
20.726167
18.636167
17.855833
19.365667
16.655000
19.686833
17.635500
15.504167
17.223333
15.949333
18.826500
16.072500
17.712833
16.073167
20.163333
18.360167
17.175333
17.318667
14.910000
16.074500
18.951833
17.135500
15.989667
18.883667
18.665333
17.637000
15.109667
15.499833
18.587667
18.384333
16.101167
20.559833
19.768200
20.266833
18.486500
69.443833
18.223400
20.331667
17.214000
15.494667
423.771750
19.654500
15.118167
19.599833
18.138000
16.578500
24.930333
19.396500
20.673333
16.839833
17.643667
17.864000
17.931333
16.918500
18.571333
14.926500
21.494833
22.381333
18.210833
14.318167
14.965500
15.597667
15.505000
14.910000
15.202833
39.190833
18.988167
18.194667
18.216000
20.922000
23.822833
18.635833
20.537667
19.211333
19.362333
19.276400
22.486667
18.519167
18.656833
16.175667
19.296000
16.819833
18.924333
16.985500
20.667167
16.655167
19.279000
20.332833
20.305833
19.203333
18.391000
18.825000
16.764667
20.634333
15.117333
17.305333
20.560000
17.269000
19.386167
15.499000
16.751167
19.987667
24.049333
20.073333
18.388000
15.301500
16.023833
16.146667
20.159167
16.950500
21.161500
15.275500
18.419500
17.941333
16.074500
16.529833
15.115167
15.719167
18.102000
18.706500
17.831000
18.798333
19.984833
16.864000
15.884000
18.390000
14.646333
19.379667
18.176333
21.264333
16.831833
15.703333
19.235167
20.100833
18.758500
15.409833
17.222167
17.222333
16.037500
20.386000
16.683500
19.207500
