12.111000
12.170000
11.265833
15.508600
13.570400
13.623800
11.377167
13.140200
11.169500
13.412000
11.296333
10.649667
16.175600
12.247000
14.823600
12.824400
10.258200
13.095600
13.403800
10.912400
14.684800
10.413400
11.491000
10.896500
13.539000
12.893500
14.351400
11.921000
1646.321000
12.156667
16.407600
11.482600
10.807400
12.565400
11.329667
12.596000
11.909600
11.483200
11.222200
10.664167
12.238600
13.437333
11.348800
12.226333
12.869200
20.761667
14.164000
11.583200
13.652800
11.963600
12.077000
11.698600
12.630200
13.774800
12.855833
11.554800
11.835600
10.651400
11.724500
14.046200
12.159600
12.172000
15.333400
12.461800
12.995600
12.944600
13.931400
12.007000
13.878600
11.413000
10.380600
12.846000
12.915400
13.639833
13.582000
10.746200
15.160400
12.356800
11.551800
13.169000
10.760400
14.114200
14.744000
13.653400
13.386000
11.676600
15.664000
13.060000
10.962200
12.866200
35.419600
14.037200
14.524000
15.123800
13.628400
13.067200
11.815667
12.319167
14.802400
12.431500
13.422000
15.349400
11.013000
10.831800
13.581167
11.605000
13.435833
14.098600
11.769600
11.757200
14.237800
13.635000
12.100600
10.343667
13.044800
16.003600
14.060600
11.733833
14.896833
12.294000
10.097400
14.155000
13.671600
11.440200
10.780200
13.653800
11.075200
11.540000
13.671000
10.974400
14.042200
12.358800
13.486800
10.170167
15.215600
11.591000
11.942200
15.354833
10.893800
13.231000
13.854600
10.506167
14.049200
11.720500
12.929500
12.806000
11.887000
11.977400
11.715000
14.748600
11.723000
10.613800
13.798167
13.203400
14.946800
13.864200
13.433500
10.537000
10.576800
13.384000
10.760600
12.685400
12.490200
13.463200
13.606200
14.977200
11.334200
12.732800
14.331000
10.909833
12.968000
11.307200
14.338800
10.215000
11.361800
11.308000
10.065000
13.886000
12.861000
12.363600
10.923200
12.899400
14.503200
13.064800
13.914800
13.655800
14.644667
11.457400
11.131167
10.368400
14.952500
13.894000
14.329600
11.543667
13.842500
13.624400
11.017667
11.719800
13.543200
14.664000
14.619333
11.766800
11.507800
12.814667
15.966200
12.517667
13.395167
14.465667
10.982600
15.033600
11.072000
10.916200
14.338400
13.970600
13.677400
10.932000
13.437000
15.967600
13.750000
12.614000
13.512500
12.566400
10.477200
10.018400
12.443400
11.831800
11.093000
12.612800
13.589333
13.841800
14.851400
14.619400
13.708600
18.074600
14.345400
15.537600
11.069200
12.932800
12.927000
12.777800
29.414000
11.531400
14.135200
11.861333
15.958600
13.446800
13.915400
15.113600
10.265500
10.796200
14.218800
10.628667
12.523167
12.304800
14.843833
13.841000
11.601167
12.083600
10.301000
13.840200
14.305400
10.887600
15.478000
10.639000
12.881000
11.637000
11.314400
11.076200
13.423400
15.111000
11.322200
15.425600
14.542167
13.127400
14.731600
15.748400
13.674200
11.053800
10.652833
14.957200
12.822200
14.917333
13.841333
13.657200
10.629600
13.161667
10.404000
13.802000
11.073600
10.397000
13.924400
11.477800
15.523000
13.706400
14.664600
12.741200
12.445400
11.192500
15.084800
12.189400
12.322400
15.325800
12.402000
12.122333
12.001400
11.673400
15.827600
13.459400
12.685600
13.336167
10.430600
14.280800
10.707200
14.042200
13.499800
14.200200
12.986833
10.874600
11.409833
11.419800
13.221000
12.071800
14.103000
13.685600
12.649800
11.581000
11.700400
10.847333
15.095800
10.837167
11.818600
13.625600
10.438600
13.340500
14.944800
10.286600
10.779200
10.424600
12.596333
13.382400
17.714600
13.413600
13.593600
11.770200
10.896600
12.559800
13.489000
13.774000
14.362167
14.113000
12.918600
12.570000
14.733400
12.225200
12.782200
10.641600
11.445000
11.783000
10.451000
12.099000
9.966200
13.194200
13.625000
12.007600
12.491800
13.713000
13.996400
14.102800
12.555600
13.272000
14.345800
10.886800
11.977400
10.627400
14.250800
13.433000
15.419000
11.972000
15.991400
14.495400
12.531600
11.936000
11.053000
13.777200
12.637800
10.333000
15.576200
13.006400
13.696400
13.873200
10.210000
15.178600
14.414000
11.630000
10.533800
13.885200
13.854800
10.242400
12.366167
13.752000
11.024000
12.938000
13.587800
14.326400
11.946333
10.517400
130.640200
13.251667
11.778800
11.730400
14.300600
14.518200
11.320800
12.140200
13.978200
15.411200
14.817800
14.163800
13.545500
11.992200
13.278800
12.019333
15.677600
13.875800
12.058333
14.621400
14.130400
124.723000
10.240600
12.419400
14.116400
13.065000
11.059500
13.358000
14.752200
11.026667
14.056400
13.016667
12.707200
11.093000
13.452200
11.573800
12.950000
13.784800
14.507800
12.731167
12.422000
12.357000
13.666200
13.627833
10.408400
14.490600
10.449000
14.972600
14.378200
13.170200
10.713167
13.891667
12.268167
13.188200
12.306000
15.045800
11.073000
10.436200
10.433000
14.924400
14.984400
11.034600
15.560000
10.235000
15.379800
15.566400
11.833200
12.576400
13.208600
11.266800
13.631600
11.603000
11.835800
10.426800
12.400000
12.341200
13.322800
11.586667
10.416600
13.741333
13.693800
11.349200
13.181200
13.658000
13.497800
13.891400
12.760200
11.039000
13.254600
11.704800
14.749200
15.967600
10.187200
14.079400
15.965000
13.846800
12.456600
11.528600
11.310600
10.653800
11.287833
12.647800
13.212800
14.285800
13.885600
12.391800
13.541000
13.443600
13.524000
15.359400
10.823400
10.434333
15.882600
13.003667
14.881600
10.092000
14.076800
14.260200
13.624500
13.363600
10.636800
11.153400
13.565400
11.992167
12.067000
10.899000
14.574000
12.992600
11.449800
12.060167
10.500600
10.467167
11.317600
13.759600
10.832667
13.462000
13.837200
13.930400
12.928000
13.796000
10.638167
13.713000
11.877667
11.857500
10.087200
13.302000
12.664600
14.090200
12.505200
13.884400
14.103400
12.958833
11.072600
13.694400
10.217600
12.146800
11.099000
12.428600
11.689500
10.680667
13.215800
11.055833
10.715600
11.437800
14.062800
13.901400
12.388400
13.662000
14.023200
14.150400
10.933600
12.873500
11.073600
10.619800
10.919400
13.822000
14.095200
12.445667
16.666800
13.408600
14.210200
13.444000
12.700333
14.847000
10.631400
11.811600
14.507400
10.601000
13.323833
12.083833
16.012200
10.792600
12.588800
11.116600
12.281200
14.175600
12.892200
10.892600
13.813400
12.560600
14.404500
15.972400
10.699000
14.931400
10.999200
13.614400
12.452667
14.119600
11.110600
14.295600
12.468833
10.668333
14.360400
13.241400
12.522833
12.569400
12.400600
15.156400
11.895600
10.932333
10.864167
10.171200
11.478333
13.459400
12.016400
11.700833
11.121600
10.916600
10.348400
16.601400
11.513400
13.303500
10.621200
13.435167
13.708400
13.362000
11.932000
13.464400
10.287800
9.890600
14.850600
13.222200
13.431500
15.096200
12.167200
15.122833
14.264167
12.006000
15.282400
14.190400
15.073200
11.566167
11.568800
11.705000
11.445000
14.906833
9.861000
12.354200
14.664333
10.077200
10.604800
13.005200
13.721600
11.763600
10.916400
13.363800
15.514400
10.750800
13.482833
12.219800
12.720200
15.316600
11.181200
12.583400
15.222400
11.398167
10.328200
12.485600
14.739800
14.053600
11.482800
13.793500
11.808800
14.713667
12.707500
13.663600
13.174667
13.848400
10.375667
11.167000
16.135000
13.767600
11.249400
14.153600
15.731600
11.883200
13.857833
12.044000
13.300167
15.650200
13.683000
11.838800
10.433000
15.478400
11.773200
14.873400
15.113600
11.771167
16.432800
16.456000
11.741000
13.917800
11.965600
10.671200
13.633600
14.935333
13.604000
11.793400
10.319800
14.726167
16.261600
12.198400
12.007800
12.980500
13.620600
12.204800
14.504000
12.637800
11.995600
11.889200
12.933000
11.720200
14.186000
14.358800
9.937400
14.248000
10.601600
11.607333
15.533200
13.245000
13.056400
12.405500
13.767200
10.272000
15.266833
11.667000
12.341200
12.377600
12.251800
15.544600
11.519200
11.029400
10.131200
11.112000
13.077400
15.297500
14.482400
13.182200
11.731200
14.319400
12.718400
12.404800
14.394667
12.375000
15.708800
13.253000
10.852200
13.270400
11.079600
12.703167
11.530667
12.812000
11.124000
13.452200
11.520800
12.294600
10.961200
14.177400
13.614333
14.201500
