20.819413
21.375921
21.355603
20.628222
95.492203
21.038873
20.577683
21.286556
21.119762
20.954857
20.857635
22.000463
20.718714
21.055824
21.126349
20.977730
21.471873
20.921794
20.904333
20.898254
22.204460
20.839444
21.268222
21.003937
21.024222
21.111984
21.207143
20.996524
20.941667
20.738683
20.862873
20.985444
20.865937
21.120429
21.050857
21.285794
20.973016
21.152619
20.993635
20.590603
21.061730
21.005127
20.762444
20.808127
21.058143
21.304714
20.819571
21.099508
21.035190
20.859460
20.976032
20.649722
21.027270
21.114540
20.950571
20.839254
20.677222
21.591333
20.855095
21.246683
21.294206
20.831286
21.060365
21.399476
21.149603
20.740333
20.823714
20.815222
21.022714
20.772841
20.790651
20.894619
21.116429
20.895587
21.942302
21.095159
20.948063
20.952889
21.235143
21.239556
21.062508
20.409175
21.042460
20.783349
20.938397
21.224302
21.002111
21.168825
21.088746
20.711317
